0 77 60
1 75 76
2 39 68
3 29 49
4 27 32
5 70 35
6 82 57
7 58 19
8 63 46
9 80 0
10 59 17
11 41 58
12 61 19
13 5 80
14 29 58
15 44 85
16 17 88
17 73 6
18 16 83
19 68 86
20 80 65
21 8 62
22 88 5
23 28 85
24 47 90
25 79 8
26 3 19
27 76 18
28 86 9
29 5 40
30 77 4
31 7 37
32 57 32
33 18 86
34 20 34
35 39 18
36 59 16
37 73 60
38 81 71
39 4 78
40 68 77
41 39 87
42 53 63
43 63 74
44 68 42
45 88 47
46 23 81
47 7 68
48 34 86
49 24 24
50 87 3
51 16 67
52 19 80
53 9 2
54 4 62
55 57 36
56 4 7
57 27 82
58 64 12
59 30 24
60 31 12
61 80 31
62 23 21
63 15 66
64 29 23
65 77 7
66 47 84
67 25 57
68 4 40
69 43 0
70 4 31
71 65 13
72 23 25
73 65 50
74 28 21
75 33 15
76 82 17
77 31 12
78 21 23
79 22 8
80 1 69
81 42 60
82 29 38
83 51 47
84 67 43
85 35 50
86 52 83
87 32 45
88 51 79
89 64 90
90 2 61
91 33 48
92 7 18
93 73 42
94 47 36
95 74 41
96 79 88
97 80 56
98 45 8
99 43 59
100 16 24
101 1 36
102 8 2
103 54 33
104 86 55
105 64 53
106 37 55
107 72 11
108 58 89
109 9 42
110 17 67
111 20 5
112 5 52
113 82 81
114 34 52
115 48 4
116 17 80
117 86 52
118 21 59
119 66 20
120 79 13
121 18 54
122 84 19
123 78 24
124 85 90
125 48 62
126 28 90
127 67 13
128 74 69
129 14 76
130 27 27
131 62 6
132 26 32
133 48 57
134 77 46
135 27 4
136 68 44
137 63 76
138 30 15
139 5 44
140 56 5
141 70 35
142 89 24
143 33 33
144 6 34
145 34 85
146 27 51
147 21 7
148 66 48
149 44 78
150 58 12
151 62 79
152 66 73
153 73 45
154 54 37
155 2 38
156 47 9
157 14 54
158 72 25
159 13 39
160 40 33
161 1 79
162 46 13
163 63 7
164 6 15
165 6 71
166 8 85
167 38 3
168 17 30
169 75 61
170 56 6
171 71 57
172 5 89
173 47 6
174 21 65
175 84 86
176 89 44
177 90 5
178 49 82
179 72 34
180 79 46
181 25 55
182 37 3
183 89 33
184 5 14
185 68 79
186 57 64
187 33 36
188 36 13
189 42 11
190 33 29
191 72 52
192 25 79
193 46 71
194 0 8
195 78 43
196 22 45
197 68 23
198 78 6
199 44 12
200 39 74
201 78 48
202 29 73
203 62 22
204 76 46
205 17 32
206 16 0
207 4 78
208 86 28
209 31 78
210 62 70
211 55 50
212 43 86
213 38 46
214 74 70
215 38 9
216 72 9
217 50 24
218 5 4
219 49 58
220 25 86
221 14 70
222 76 33
223 71 11
224 43 29
225 82 8
226 78 43
227 36 31
228 19 28
229 26 90
230 50 3
231 12 1
232 69 89
233 84 0
234 82 30
235 22 90
236 80 20
237 78 71
238 35 36
239 67 14
240 56 13
241 25 87
242 50 63
243 6 13
244 15 88
245 78 11
246 43 76
247 33 27
248 8 64
249 79 11
250 61 80
251 40 5
252 18 8
253 41 44
254 46 74
255 63 88
256 72 19
257 60 80
258 1 20
259 56 83
260 76 10
261 74 57
262 1 82
263 90 4
264 75 9
265 52 81
266 46 76
267 63 5
268 39 17
269 21 9
270 30 32
271 36 72
272 29 50
273 87 61
274 47 79
275 51 54
276 49 38
277 56 67
278 26 52
279 1 79
280 63 18
281 64 8
282 37 60
283 82 54
284 73 41
285 74 60
286 90 26
287 74 15
288 33 69
289 40 78
290 59 61
291 85 48
292 13 58
293 46 5
294 15 38
295 84 43
296 31 13
297 14 49
298 14 3
299 85 48
300 72 73
301 88 87
302 26 19
303 61 10
304 13 34
305 29 77
306 22 69
307 20 17
308 66 67
309 7 41
310 55 16
311 82 66
312 25 47
313 33 59
314 13 52
315 33 87
316 87 50
317 35 73
318 46 53
319 24 57
320 75 34
321 19 2
322 6 30
323 62 2
324 67 20
325 47 54
326 29 11
327 16 50
328 71 44
329 89 36
330 64 17
331 75 2
332 67 37
333 55 87
334 77 7
335 46 56
336 63 32
337 13 83
338 10 78
339 46 60
340 32 25
341 39 11
342 90 47
343 43 51
344 70 61
345 9 69
346 67 15
347 28 82
348 54 83
349 22 72
350 54 20
351 83 12
352 80 72
353 47 8
354 75 84
355 67 60
356 20 64
357 3 4
358 58 79
359 21 87
360 75 4
361 11 70
362 25 68
363 80 82
364 14 11
365 51 54
366 24 68
367 22 9
368 59 74
369 2 17
370 63 56
371 14 50
372 16 34
373 26 17
374 7 36
375 14 78
376 23 83
377 51 88
378 71 77
379 0 70
380 9 64
381 34 59
382 17 67
383 75 74
384 43 35
385 35 0
386 51 30
387 18 58
388 73 52
389 7 3
390 9 79
391 12 62
392 12 0
393 44 24
394 48 32
395 23 83
396 88 28
397 60 85
398 21 59
399 63 28
400 88 78
401 21 63
402 49 30
403 39 86
404 50 42
405 24 46
406 69 55
407 75 40
408 50 84
409 66 82
410 4 74
411 62 42
412 17 32
413 52 76
414 11 62
415 30 19
416 87 21
417 37 50
418 17 43
419 66 90
420 35 28
421 43 63
422 5 46
423 5 53
424 17 79
425 11 90
426 46 41
427 38 55
428 77 85
429 90 56
430 3 90
431 26 60
432 1 5
433 7 76
434 77 63
435 63 36
436 47 26
437 54 73
438 74 18
439 1 27
440 66 31
441 4 56
442 24 63
443 12 9
444 69 79
445 18 47
446 36 79
447 15 27
448 23 81
449 76 76
450 63 44
451 59 68
452 62 59
453 19 30
454 77 36
455 75 39
456 62 19
457 2 25
458 17 22
459 14 13
460 8 6
461 52 63
462 45 80
463 5 10
464 43 71
465 23 25
466 34 73
467 38 8
468 24 90
469 28 50
470 33 25
471 48 27
472 34 61
473 25 17
474 26 62
475 77 24
476 40 78
477 15 73
478 40 87
479 29 54
480 35 31
481 32 55
482 32 10
483 4 51
484 12 8
485 67 33
486 45 63
487 50 0
488 37 78
489 24 22
490 9 72
491 69 35
492 40 80
493 78 6
494 69 26
495 21 36
496 55 84
497 46 10
498 22 4
499 35 47
500 48 55
501 47 36
502 0 44
503 30 81
504 9 72
505 38 29
506 50 30
507 83 35
508 32 43
509 25 64
510 47 31
511 7 61
512 5 11
513 4 50
514 3 12
515 90 51
516 31 83
517 54 3
518 15 84
519 70 15
520 20 7
521 86 45
522 26 32
523 75 22
524 9 17
525 31 42
526 41 16
527 83 40
528 84 44
529 3 26
530 78 13
531 63 2
532 13 8
533 10 89
534 88 52
535 13 76
536 5 26
537 53 7
538 3 14
539 57 63
540 61 67
541 53 61
542 68 65
543 18 54
544 44 45
545 10 22
546 68 63
547 20 75
548 67 23
549 10 77
550 87 68
551 42 25
552 34 55
553 74 82
554 35 42
555 49 50
556 67 52
557 81 90
558 54 9
559 58 11
560 77 80
561 60 13
562 28 32
563 85 41
564 66 77
565 87 1
566 12 41
567 24 83
568 80 13
569 70 66
570 5 73
571 85 85
572 60 64
573 73 57
574 33 62
575 57 31
576 10 50
577 82 11
578 32 10
579 64 68
580 59 18
581 22 4
582 26 24
583 51 2
584 12 14
585 55 48
586 87 39
587 61 43
588 0 78
589 6 4
590 47 39
591 31 70
592 43 82
593 7 60
594 90 81
595 80 68
596 8 71
597 74 60
598 14 88
599 73 73
600 86 23
601 34 37
602 81 37
603 76 10
604 51 4
605 24 82
606 90 88
607 28 45
608 71 84
609 56 21
610 42 57
611 38 75
612 68 22
613 48 55
614 1 5
615 66 62
616 2 73
617 37 27
618 15 88
619 40 15
620 43 73
621 83 41
622 26 86
623 88 88
624 42 46
625 53 58
626 44 78
627 2 69
628 68 63
629 45 78
630 80 66
631 84 0
632 79 11
633 55 9
634 68 87
635 83 43
636 3 60
637 12 43
638 80 23
639 57 67
640 65 61
641 48 38
642 85 18
643 7 70
644 44 44
645 43 33
646 77 17
647 65 2
648 43 46
649 21 16
650 32 29
651 52 28
652 53 49
653 44 49
654 54 78
655 56 50
656 90 59
657 31 74
658 34 2
659 13 43
660 20 89
661 86 88
662 12 20
663 50 21
664 20 71
665 1 0
666 80 51
667 66 35
668 16 40
669 4 46
670 34 19
671 84 55
672 48 6
673 71 75
674 41 60
675 20 53
676 85 82
677 49 16
678 37 36
679 67 29
680 51 54
681 35 59
682 78 52
683 52 25
684 34 86
685 33 73
686 37 21
687 86 83
688 17 62
689 23 45
690 81 69
691 62 51
692 24 2
693 18 70
694 16 35
695 37 0
696 85 26
697 40 0
698 34 48
699 64 53
700 24 18
701 41 47
702 82 57
703 85 6
704 0 88
705 62 27
706 29 64
707 20 57
708 59 56
709 76 11
710 77 62
711 29 22
712 5 26
713 20 37
714 12 14
715 51 16
716 74 79
717 26 81
718 23 52
719 51 7
720 75 8
721 84 78
722 13 13
723 15 31
724 54 44
725 34 40
726 32 82
727 10 8
728 32 43
729 76 62
730 37 25
731 30 35
732 5 9
733 47 46
734 7 84
735 79 89
736 43 46
737 2 29
738 11 9
739 39 73
740 45 17
741 84 33
742 71 74
743 63 56
744 29 23
745 46 57
746 2 25
747 85 5
748 82 31
749 64 40
750 0 49
751 48 75
752 11 30
753 74 47
754 54 75
755 80 53
756 85 86
757 85 57
758 63 60
759 4 52
760 23 80
761 78 89
762 20 10
763 86 12
764 71 84
765 24 31
766 89 87
767 43 10
768 24 54
769 74 64
770 61 67
771 77 7
772 60 9
773 85 77
774 76 14
775 65 33
776 68 34
777 65 17
778 10 12
779 12 62
780 50 87
781 41 57
782 73 8
783 9 22
784 17 82
785 85 41
786 81 45
787 32 90
788 51 48
789 37 6
790 34 52
791 54 22
792 44 82
793 66 15
794 81 30
795 31 81
796 43 88
797 18 15
798 18 49
799 25 44
800 28 36
801 48 50
802 37 53
803 82 17
804 38 84
805 66 39
806 30 57
807 65 9
808 15 37
809 51 0
810 6 70
811 75 42
812 45 18
813 62 63
814 6 76
815 12 0
816 34 8
817 38 49
818 10 77
819 11 78
820 38 0
821 23 27
822 17 73
823 62 37
824 38 31
825 73 53
826 2 84
827 36 51
828 53 7
829 33 49
830 84 77
831 89 60
832 47 9
833 55 31
834 36 26
835 45 76
836 45 51
837 90 47
838 48 15
839 69 8
840 25 52
841 88 49
842 80 26
843 52 56
844 46 44
845 11 16
846 10 10
847 16 13
848 55 77
849 18 36
850 39 51
851 90 71
852 89 28
853 27 0
854 68 34
855 77 79
856 38 80
857 68 51
858 2 71
859 60 32
860 33 42
861 77 48
862 14 11
863 58 7
864 39 2
865 68 64
866 89 72
867 78 0
868 52 24
869 25 19
870 38 88
871 78 26
872 56 64
873 2 16
874 81 41
875 76 86
876 30 51
877 29 32
878 11 70
879 6 18
880 63 62
881 28 66
882 3 39
883 54 43
884 49 17
885 17 38
886 47 49
887 75 80
888 75 26
889 71 58
890 89 39
891 68 39
892 32 13
893 60 63
894 0 1
895 40 12
896 58 20
897 67 57
898 30 89
899 6 67
900 46 13
901 40 15
902 59 3
903 9 5
904 41 90
905 52 36
906 42 68
907 65 18
908 87 64
909 37 48
910 61 17
911 6 45
912 74 16
913 27 8
914 53 70
915 80 84
916 24 79
917 4 42
918 55 26
919 64 31
920 73 68
921 65 51
922 61 28
923 62 36
924 41 85
925 11 39
926 4 32
927 59 67
928 80 42
929 1 62
930 90 13
931 15 64
932 52 71
933 56 28
934 4 11
935 28 53
936 47 64
937 6 82
938 58 70
939 44 15
940 52 18
941 72 38
942 61 69
943 52 69
944 4 84
945 83 40
946 48 70
947 8 0
948 12 82
949 37 12
950 17 43
951 11 23
952 79 51
953 74 72
954 47 68
955 20 63
956 50 17
957 56 81
958 49 26
959 32 59
960 36 16
961 10 37
962 49 81
963 61 35
964 82 7
965 19 35
966 9 85
967 45 33
968 83 81
969 18 12
970 36 58
971 47 56
972 24 28
973 62 77
974 49 83
975 41 64
976 88 87
977 79 4
978 76 72
979 7 48
980 68 51
981 16 11
982 79 30
983 38 31
984 13 36
985 15 15
986 82 35
987 36 65
988 5 50
989 20 11
990 20 36
991 68 49
992 21 39
993 30 75
994 89 40
995 65 16
996 26 42
997 40 9
998 59 1
999 17 89
1000 64 37
1001 33 23
1002 78 22
1003 11 25
1004 63 90
1005 25 41
1006 85 18
1007 60 75
1008 87 40
1009 77 1
1010 82 13
1011 37 37
1012 42 67
1013 49 74
1014 7 45
1015 29 54
1016 3 84
1017 6 29
1018 79 36
1019 13 43
1020 5 1
1021 17 6
1022 83 5
1023 51 41
1024 89 8
1025 27 89
1026 48 53
1027 31 4
1028 54 47
1029 51 5
1030 85 43
1031 9 72
1032 54 42
1033 37 10
1034 2 55
1035 30 78
1036 13 57
1037 9 67
1038 1 2
1039 23 66
1040 61 0
1041 86 32
1042 12 10
1043 60 24
1044 25 46
1045 54 41
1046 15 36
1047 31 37
1048 77 31
1049 47 12
1050 18 7
1051 48 81
1052 60 35
1053 77 44
1054 11 63
1055 50 82
1056 69 36
1057 6 33
1058 88 69
1059 44 29
1060 35 42
1061 85 77
1062 81 47
1063 48 10
1064 6 61
1065 62 82
1066 73 74
1067 9 55
1068 77 63
1069 56 20
1070 10 44
1071 35 24
1072 41 34
1073 25 19
1074 50 3
1075 58 27
1076 59 41
1077 47 56
1078 21 43
1079 43 88
1080 64 76
1081 68 45
1082 76 70
1083 15 7
1084 45 52
1085 58 1
1086 24 74
1087 60 48
1088 20 38
1089 20 13
1090 24 33
1091 11 90
1092 84 11
1093 32 24
1094 48 2
1095 10 22
1096 13 80
1097 27 65
1098 33 39
1099 34 28
1100 60 59
1101 55 0
1102 82 50
1103 55 50
1104 5 63
1105 50 78
1106 11 87
1107 13 13
1108 43 7
1109 3 75
1110 57 19
1111 44 84
1112 49 18
1113 13 17
1114 53 53
1115 74 39
1116 68 84
1117 46 57
1118 84 17
1119 75 85
1120 82 45
1121 58 34
1122 84 44
1123 21 75
1124 27 58
1125 14 29
1126 11 88
1127 76 23
1128 72 69
1129 39 13
1130 5 34
1131 35 27
1132 19 11
1133 40 68
1134 50 8
1135 25 54
1136 71 83
1137 47 40
1138 28 10
1139 12 22
1140 11 59
1141 77 37
1142 8 4
1143 74 61
1144 12 45
1145 71 49
1146 88 15
1147 41 36
1148 36 24
1149 20 85
1150 57 59
1151 86 90
1152 76 66
1153 56 87
1154 31 89
1155 8 72
1156 32 31
1157 4 79
1158 7 39
1159 65 84
1160 83 51
1161 84 4
1162 52 55
1163 14 83
1164 63 53
1165 40 46
1166 16 18
1167 56 82
1168 73 25
1169 25 13
1170 9 73
1171 83 16
1172 86 49
1173 29 42
1174 77 35
1175 90 68
1176 2 15
1177 27 73
1178 27 46
1179 46 87
1180 41 81
1181 75 74
1182 68 60
1183 48 75
1184 59 43
1185 19 22
1186 4 85
1187 24 58
1188 42 9
1189 45 79
1190 65 35
1191 73 85
1192 68 0
1193 67 76
1194 15 56
1195 75 54
1196 87 48
1197 20 2
1198 89 1
1199 90 62
1200 10 85
1201 21 81
1202 27 69
1203 9 2
1204 15 26
1205 53 65
1206 10 24
1207 52 62
1208 10 88
1209 41 60
1210 32 56
1211 42 57
1212 70 24
1213 87 72
1214 41 9
1215 84 32
1216 86 68
1217 37 71
1218 35 5
1219 9 28
1220 75 38
1221 25 3
1222 49 16
1223 10 55
1224 75 67
1225 61 89
1226 45 50
1227 36 34
1228 35 7
1229 17 67
1230 84 76
1231 84 56
1232 54 53
1233 80 70
1234 11 33
1235 80 75
1236 59 85
1237 36 51
1238 27 73
1239 19 18
1240 1 87
1241 60 23
1242 5 30
1243 1 68
1244 2 50
1245 64 66
1246 8 36
1247 51 35
1248 75 71
1249 54 31
1250 18 12
1251 74 38
1252 76 65
1253 26 54
1254 52 8
1255 53 58
1256 36 71
1257 82 32
1258 90 72
1259 61 62
1260 13 46
1261 62 38
1262 63 84
1263 68 71
1264 82 10
1265 28 24
1266 47 51
1267 55 49
1268 17 7
1269 39 52
1270 48 72
1271 67 20
1272 1 6
1273 35 45
1274 6 66
1275 43 8
1276 48 75
1277 42 67
1278 37 65
1279 6 8
1280 25 69
1281 87 73
1282 57 16
1283 17 77
1284 13 54
1285 0 39
1286 78 63
1287 71 10
1288 54 43
1289 75 24
1290 35 51
1291 87 12
1292 1 30
1293 46 79
1294 49 58
1295 87 71
1296 19 34
1297 67 40
1298 53 74
1299 33 39
1300 81 44
1301 74 14
1302 17 25
1303 44 72
1304 27 38
1305 7 22
1306 55 48
1307 8 38
1308 68 73
1309 87 87
1310 32 42
1311 66 54
1312 88 4
1313 11 89
1314 59 60
1315 80 9
1316 23 54
1317 79 0
1318 90 33
1319 72 68
1320 47 31
1321 44 59
1322 87 38
1323 40 87
1324 52 89
1325 54 39
1326 60 9
1327 84 20
1328 17 15
1329 21 2
1330 55 57
1331 63 55
1332 19 41
1333 64 18
1334 50 66
1335 48 77
1336 61 48
1337 26 26
1338 66 57
1339 23 2
1340 47 9
1341 31 63
1342 0 50
1343 50 3
1344 35 62
1345 40 38
1346 59 15
1347 47 54
1348 68 57
1349 63 8
1350 11 86
1351 60 35
1352 3 8
1353 20 40
1354 31 66
1355 84 77
1356 16 65
1357 11 25
1358 10 28
1359 80 31
1360 72 53
1361 43 59
1362 15 9
1363 19 69
1364 55 32
1365 50 70
1366 8 47
1367 84 34
1368 45 56
1369 28 47
1370 82 45
1371 82 82
1372 54 26
1373 11 13
1374 90 73
1375 81 14
1376 80 22
1377 40 81
1378 35 71
1379 66 23
1380 44 42
1381 58 81
1382 6 2
1383 64 23
1384 26 1
1385 49 1
1386 73 67
1387 82 8
1388 25 17
1389 19 53
1390 43 89
1391 78 66
1392 38 9
1393 52 76
1394 17 12
1395 21 62
1396 43 21
1397 57 77
1398 2 64
1399 76 71
1400 6 72
1401 62 80
1402 57 42
1403 88 10
1404 44 44
1405 36 71
1406 81 60
1407 51 88
1408 32 40
1409 7 72
1410 41 76
1411 68 7
1412 53 82
1413 1 43
1414 86 86
1415 71 72
1416 35 61
1417 31 10
1418 5 33
1419 89 24
1420 70 37
1421 51 20
1422 66 80
1423 69 51
1424 85 79
1425 63 7
1426 3 67
1427 21 35
1428 85 12
1429 34 4
1430 14 51
1431 53 46
1432 48 49
1433 66 18
1434 10 58
1435 5 44
1436 47 82
1437 76 38
1438 16 44
1439 10 77
1440 48 60
1441 25 71
1442 67 11
1443 70 82
1444 50 14
1445 54 72
1446 18 63
1447 75 15
1448 13 85
1449 1 23
1450 84 73
1451 23 11
1452 80 52
1453 90 3
1454 46 79
1455 53 35
1456 56 29
1457 11 61
1458 72 72
1459 57 49
1460 75 85
1461 11 87
1462 34 74
1463 23 4
1464 49 57
1465 46 68
1466 27 67
1467 22 71
1468 19 44
1469 79 31
1470 3 56
1471 65 18
1472 67 1
1473 87 26
1474 58 4
1475 75 26
1476 45 72
1477 83 42
1478 14 87
1479 42 88
1480 41 71
1481 32 51
1482 6 66
1483 60 23
1484 64 5
1485 49 37
1486 84 67
1487 9 5
1488 64 80
1489 0 50
1490 51 48
1491 14 2
1492 8 55
1493 75 34
1494 15 46
1495 33 76
1496 34 43
1497 61 76
1498 73 79
1499 89 1
1500 32 70
1501 32 66
1502 45 42
1503 38 71
1504 87 18
1505 33 24
1506 24 60
1507 23 55
1508 60 44
1509 8 48
1510 86 62
1511 55 32
1512 30 59
1513 90 66
1514 31 15
1515 63 30
1516 87 77
1517 87 12
1518 89 80
1519 56 33
1520 47 35
1521 44 44
1522 84 48
1523 47 32
1524 11 77
1525 56 12
1526 46 15
1527 4 24
1528 27 7
1529 47 70
1530 48 48
1531 36 23
1532 30 1
1533 56 75
1534 27 46
1535 68 70
1536 68 39
1537 46 39
1538 56 60
1539 66 71
1540 18 17
1541 3 44
1542 51 44
1543 52 43
1544 88 9
1545 35 1
1546 60 33
1547 41 85
1548 76 79
1549 38 49
1550 22 49
1551 29 28
1552 23 66
1553 19 61
1554 90 18
1555 48 32
1556 36 49
1557 32 70
1558 71 68
1559 80 39
1560 71 35
1561 9 27
1562 57 7
1563 6 2
1564 70 30
1565 84 25
1566 76 44
1567 58 35
1568 63 25
1569 60 90
1570 83 69
1571 3 73
1572 21 84
1573 38 17
1574 46 26
1575 71 54
1576 86 32
1577 36 60
1578 89 17
1579 1 45
1580 9 24
1581 71 82
1582 57 84
1583 82 29
1584 26 78
1585 7 30
1586 7 76
1587 47 18
1588 60 77
1589 9 17
1590 67 60
1591 80 51
1592 14 78
1593 74 62
1594 72 80
1595 46 18
1596 85 69
1597 8 39
1598 73 66
1599 3 52
1600 78 2
1601 62 81
1602 34 90
1603 85 10
1604 2 25
1605 48 18
1606 41 43
1607 56 78
1608 58 58
1609 81 43
1610 67 26
1611 90 8
1612 55 66
1613 72 34
1614 2 4
1615 15 33
1616 49 60
1617 71 84
1618 0 50
1619 18 16
1620 46 65
1621 27 10
1622 5 49
1623 12 13
1624 9 87
1625 32 33
1626 50 63
1627 24 81
1628 51 90
1629 66 76
1630 1 65
1631 41 78
1632 42 51
1633 85 4
1634 88 11
1635 12 21
1636 1 87
1637 74 26
1638 45 38
1639 50 47
1640 76 32
1641 90 73
1642 44 39
1643 9 33
1644 70 69
1645 90 27
1646 70 46
1647 76 53
1648 30 55
1649 21 12
1650 67 24
1651 14 81
1652 17 62
1653 37 26
1654 11 0
1655 32 72
1656 48 83
1657 59 29
1658 6 47
1659 21 57
1660 5 74
1661 81 38
1662 86 9
1663 9 69
1664 3 50
1665 33 10
1666 79 52
1667 46 13
1668 65 8
1669 10 90
1670 64 56
1671 41 71
1672 64 43
1673 62 10
1674 33 8
1675 87 58
1676 70 84
1677 10 29
1678 78 2
1679 33 80
1680 48 28
1681 0 26
1682 20 1
1683 48 56
1684 70 43
1685 5 85
1686 75 6
1687 68 57
1688 79 17
1689 86 22
1690 71 52
1691 40 23
1692 0 75
1693 75 90
1694 69 86
1695 15 75
1696 77 24
1697 88 69
1698 25 70
1699 25 82
1700 33 50
1701 32 46
1702 29 10
1703 61 87
1704 85 84
1705 22 29
1706 4 82
1707 87 21
1708 12 84
1709 77 45
1710 6 68
1711 55 25
1712 57 2
1713 34 44
1714 41 83
1715 28 74
1716 50 87
1717 89 47
1718 15 70
1719 36 33
1720 24 65
1721 81 31
1722 24 55
1723 71 9
1724 11 22
1725 29 86
1726 37 24
1727 69 86
1728 25 27
1729 65 18
1730 65 87
1731 20 80
1732 35 41
1733 17 78
1734 84 44
1735 32 58
1736 63 0
1737 32 12
1738 19 86
1739 68 49
1740 80 12
1741 31 79
1742 6 40
1743 26 66
1744 89 5
1745 83 14
1746 64 5
1747 15 41
1748 83 55
1749 68 2
1750 77 29
1751 76 7
1752 0 75
1753 38 68
1754 34 30
1755 36 74
1756 63 34
1757 2 83
1758 20 30
1759 7 39
1760 83 44
1761 83 79
1762 74 47
1763 50 23
1764 54 76
1765 61 67
1766 75 66
1767 55 17
1768 77 19
1769 41 43
1770 8 82
1771 51 36
1772 81 72
1773 14 53
1774 5 54
1775 25 13
1776 40 44
1777 42 37
1778 27 33
1779 18 73
1780 45 81
1781 7 40
1782 23 61
1783 21 4
1784 88 50
1785 50 60
1786 75 13
1787 14 24
1788 84 51
1789 51 77
1790 56 61
1791 60 37
1792 84 5
1793 64 49
1794 20 36
1795 66 20
1796 57 42
1797 27 25
1798 20 51
1799 64 71
1800 85 15
1801 73 29
1802 44 72
1803 82 22
1804 88 28
1805 0 90
1806 85 79
1807 77 16
1808 88 48
1809 18 30
1810 64 56
1811 87 48
1812 39 65
1813 24 4
1814 76 89
1815 76 74
1816 77 78
1817 21 75
1818 66 68
1819 25 65
1820 46 41
1821 86 90
1822 36 89
1823 38 45
1824 39 23
1825 44 84
1826 1 49
1827 35 51
1828 10 53
1829 52 33
1830 13 6
1831 25 28
1832 46 46
1833 86 21
1834 24 14
1835 69 70
1836 87 28
1837 39 89
1838 65 71
1839 86 45
1840 4 36
1841 9 84
1842 55 31
1843 6 20
1844 15 35
1845 86 10
1846 36 64
1847 15 55
1848 12 23
1849 78 20
1850 57 31
1851 71 42
1852 73 0
1853 64 80
1854 49 22
1855 1 8
1856 2 16
1857 81 1
1858 6 77
1859 83 86
1860 9 72
1861 37 16
1862 83 27
1863 82 0
1864 37 56
1865 31 12
1866 65 76
1867 85 43
1868 72 28
1869 35 19
1870 53 83
1871 74 86
1872 18 45
1873 27 57
1874 4 3
1875 13 70
1876 19 48
1877 20 59
1878 17 27
1879 83 8
1880 65 8
1881 37 30
1882 64 8
1883 5 70
1884 17 66
1885 21 90
1886 21 16
1887 68 25
1888 30 90
1889 52 52
1890 25 62
1891 8 61
1892 76 45
1893 64 37
1894 46 17
1895 65 85
1896 79 19
1897 71 62
1898 77 70
1899 15 6
1900 52 38
1901 20 43
1902 90 51
1903 66 86
1904 6 42
1905 80 6
1906 81 70
1907 56 21
1908 31 18
1909 15 53
1910 41 66
1911 52 40
1912 48 2
1913 89 4
1914 32 90
1915 49 88
1916 44 72
1917 35 57
1918 76 36
1919 6 90
1920 20 81
1921 10 79
1922 76 35
1923 62 62
1924 55 11
1925 1 70
1926 73 90
1927 59 55
1928 35 38
1929 28 64
1930 45 84
1931 3 17
1932 83 13
1933 80 59
1934 45 44
1935 14 32
1936 67 43
1937 35 28
1938 69 18
1939 87 30
1940 86 83
1941 69 70
1942 11 17
1943 21 76
1944 2 45
1945 27 27
1946 1 0
1947 78 46
1948 25 53
1949 6 30
1950 29 24
1951 11 63
1952 19 71
1953 71 9
1954 68 35
1955 61 8
1956 30 79
1957 61 53
1958 3 0
1959 55 9
1960 63 53
1961 5 90
1962 16 52
1963 15 36
1964 18 30
1965 43 73
1966 76 76
1967 78 75
1968 3 59
1969 43 62
1970 62 76
1971 55 38
1972 56 18
1973 17 52
1974 69 8
1975 17 42
1976 13 53
1977 81 60
1978 85 38
1979 16 72
1980 2 51
1981 77 7
1982 2 81
1983 1 37
1984 62 55
1985 42 22
1986 79 62
1987 44 11
1988 8 15
1989 54 73
1990 80 58
1991 56 28
1992 78 59
1993 47 40
1994 61 53
1995 21 32
1996 24 71
1997 31 63
1998 62 77
1999 57 28
2000 31 75
2001 13 31
2002 1 6
2003 65 22
2004 63 21
2005 54 63
2006 19 17
2007 31 79
2008 72 50
2009 58 69
2010 80 24
2011 87 51
2012 52 35
2013 90 63
2014 63 37
2015 3 42
2016 37 60
2017 82 70
2018 12 86
2019 1 71
2020 14 62
2021 50 15
2022 41 17
2023 6 39
2024 72 90
2025 89 48
2026 5 0
2027 12 72
2028 43 16
2029 2 69
2030 39 38
2031 34 43
2032 41 5
2033 16 31
2034 17 36
2035 21 87
2036 1 67
2037 43 30
2038 22 56
2039 67 24
2040 39 67
2041 7 8
2042 57 19
2043 58 26
2044 88 63
2045 21 32
2046 22 87
2047 20 80
2048 50 26
2049 51 47
2050 75 13
2051 15 16
2052 20 73
2053 30 12
2054 25 31
2055 13 39
2056 8 10
2057 39 86
2058 28 19
2059 30 47
2060 33 10
2061 45 9
2062 72 46
2063 9 25
2064 49 65
2065 5 61
2066 8 80
2067 36 73
2068 70 4
2069 24 51
2070 61 33
2071 71 82
2072 5 57
2073 80 36
2074 21 43
2075 11 79
2076 3 87
2077 35 25
2078 32 31
2079 26 3
2080 79 36
2081 34 55
2082 16 29
2083 56 28
2084 16 46
2085 42 80
2086 44 78
2087 5 64
2088 13 20
2089 9 28
2090 24 21
2091 52 79
2092 55 26
2093 43 42
2094 80 6
2095 54 15
2096 77 39
2097 22 77
2098 45 1
2099 23 85
2100 20 54
2101 52 25
2102 85 82
2103 12 30
2104 76 17
2105 45 43
2106 14 6
2107 83 18
2108 18 42
2109 11 85
2110 2 9
2111 6 44
2112 74 53
2113 31 16
2114 86 72
2115 19 5
2116 48 76
2117 86 4
2118 14 65
2119 22 21
2120 13 46
2121 51 43
2122 19 76
2123 7 20
2124 36 89
2125 50 35
2126 29 42
2127 17 24
2128 24 57
2129 80 80
2130 10 70
2131 20 77
2132 57 38
2133 73 88
2134 1 56
2135 65 77
2136 80 51
2137 77 89
2138 79 32
2139 88 28
2140 34 18
2141 25 72
2142 26 63
2143 60 81
2144 26 43
2145 6 20
2146 22 82
2147 13 49
2148 24 20
2149 72 36
2150 68 26
2151 22 25
2152 90 7
2153 74 32
2154 59 80
2155 41 69
2156 73 60
2157 67 86
2158 14 52
2159 39 53
2160 82 42
2161 90 81
2162 9 2
2163 21 60
2164 37 68
2165 1 50
2166 10 28
2167 47 21
2168 5 25
2169 43 19
2170 68 85
2171 37 37
2172 0 81
2173 39 32
2174 72 86
2175 34 47
2176 56 36
2177 37 29
2178 58 64
2179 3 78
2180 49 24
2181 18 17
2182 33 26
2183 53 88
2184 42 14
2185 72 61
2186 34 38
2187 2 72
2188 23 47
2189 38 10
2190 31 47
2191 59 0
2192 47 27
2193 82 67
2194 2 75
2195 79 74
2196 37 70
2197 48 81
2198 82 25
2199 42 41
2200 6 77
2201 40 86
2202 79 90
2203 9 84
2204 22 10
2205 24 88
2206 86 23
2207 72 28
2208 25 67
2209 14 44
2210 1 59
2211 58 16
2212 85 18
2213 20 63
2214 74 76
2215 36 88
2216 58 4
2217 13 50
2218 50 16
2219 39 37
2220 28 4
2221 37 13
2222 72 25
2223 70 38
2224 71 80
2225 57 43
2226 18 55
2227 89 6
2228 73 36
2229 1 73
2230 64 42
2231 23 62
2232 64 31
2233 13 31
2234 8 13
2235 62 11
2236 4 2
2237 18 27
2238 8 24
2239 79 75
2240 32 57
2241 63 63
2242 4 1
2243 38 34
2244 31 71
2245 46 65
2246 10 81
2247 42 60
2248 44 16
2249 51 48
2250 42 89
2251 46 83
2252 47 13
2253 2 18
2254 82 80
2255 49 63
2256 41 55
2257 4 14
2258 34 77
2259 89 75
2260 35 40
2261 85 6
2262 60 38
2263 61 1
2264 67 80
2265 28 43
2266 46 25
2267 8 34
2268 15 63
2269 6 76
2270 14 66
2271 9 88
2272 9 8
2273 6 34
2274 76 30
2275 16 7
2276 5 72
2277 50 11
2278 57 90
2279 46 69
2280 19 76
2281 67 11
2282 88 5
2283 10 62
2284 66 11
2285 7 29
2286 82 76
2287 3 31
2288 82 68
2289 89 4
2290 53 83
2291 44 88
2292 56 88
2293 64 58
2294 74 55
2295 61 26
2296 47 3
2297 22 68
2298 16 27
2299 58 47
2300 17 47
2301 20 23
2302 75 85
2303 31 36
2304 49 41
2305 9 88
2306 58 21
2307 27 69
2308 23 61
2309 64 56
2310 8 13
2311 18 48
2312 54 56
2313 2 85
2314 36 60
2315 64 18
2316 24 20
2317 68 14
2318 39 70
2319 4 85
2320 55 30
2321 18 48
2322 57 16
2323 7 65
2324 80 4
2325 18 4
2326 63 34
2327 53 53
2328 64 75
2329 18 18
2330 58 2
2331 51 44
2332 75 86
2333 85 24
2334 71 61
2335 74 42
2336 51 49
2337 31 21
2338 17 61
2339 77 33
2340 86 45
2341 38 25
2342 80 25
2343 21 66
2344 71 62
2345 67 48
2346 78 60
2347 73 90
2348 26 42
2349 56 61
2350 19 47
2351 48 89
2352 82 14
2353 1 84
2354 30 51
2355 57 87
2356 54 35
2357 62 17
2358 87 11
2359 39 67
2360 49 44
2361 25 87
2362 38 19
2363 16 64
2364 14 86
2365 84 63
2366 63 54
2367 3 13
2368 28 48
2369 11 22
2370 44 26
2371 73 72
2372 81 56
2373 71 80
2374 75 69
2375 11 72
2376 2 28
2377 73 14
2378 46 17
2379 57 9
2380 86 27
2381 37 71
2382 41 22
2383 54 18
2384 57 69
2385 73 53
2386 67 53
2387 82 23
2388 52 14
2389 21 66
2390 27 21
2391 79 14
2392 3 20
2393 79 17
2394 16 11
2395 14 2
2396 78 75
2397 68 8
2398 80 6
2399 54 39
2400 3 53
2401 65 37
2402 27 6
2403 50 10
2404 51 55
2405 60 57
2406 74 49
2407 90 10
2408 34 37
2409 9 58
2410 6 87
2411 56 13
2412 75 67
2413 50 87
2414 84 59
2415 28 45
2416 68 21
2417 7 70
2418 50 34
2419 6 45
2420 44 42
2421 63 8
2422 20 5
2423 9 71
2424 58 78
2425 87 69
2426 18 52
2427 0 62
2428 4 41
2429 22 34
2430 83 1
2431 40 27
2432 38 68
2433 40 42
2434 10 57
2435 41 62
2436 64 30
2437 9 90
2438 4 47
2439 71 46
2440 13 43
2441 25 19
2442 20 79
2443 0 72
2444 2 11
2445 85 9
2446 56 2
2447 5 17
2448 73 38
2449 64 44
2450 33 43
2451 4 90
2452 29 28
2453 15 61
2454 86 21
2455 33 59
2456 62 17
2457 15 39
2458 21 62
2459 82 23
2460 43 70
2461 32 90
2462 19 16
2463 59 59
2464 20 53
2465 68 79
2466 31 56
2467 1 17
2468 83 66
2469 87 70
2470 74 0
2471 35 70
2472 63 84
2473 34 58
2474 40 71
2475 29 22
2476 0 44
2477 90 18
2478 62 16
2479 46 85
2480 45 52
2481 68 67
2482 51 70
2483 87 72
2484 19 12
2485 59 26
2486 1 16
2487 75 38
2488 37 57
2489 85 34
2490 40 4
2491 2 30
2492 19 55
2493 86 76
2494 19 77
2495 87 68
2496 71 18
2497 80 85
2498 70 47
2499 43 65
2500 10 66
2501 90 68
2502 39 79
2503 22 58
2504 39 78
2505 88 29
2506 42 31
2507 81 40
2508 85 56
2509 53 31
2510 60 62
2511 41 53
2512 39 83
2513 17 37
2514 39 36
2515 45 9
2516 77 62
2517 54 40
2518 18 83
2519 34 5
2520 38 90
2521 31 22
2522 62 11
2523 53 60
2524 40 81
2525 53 31
2526 31 42
2527 50 46
2528 69 74
2529 27 12
2530 49 38
2531 19 59
2532 18 56
2533 63 50
2534 39 89
2535 3 57
2536 50 2
2537 87 44
2538 72 30
2539 26 41
2540 61 21
2541 24 71
2542 80 56
2543 19 33
2544 16 41
2545 4 76
2546 20 34
2547 50 6
2548 30 11
2549 58 87
2550 22 4
2551 60 49
2552 25 1
2553 30 28
2554 53 10
2555 71 69
2556 39 14
2557 61 27
2558 42 76
2559 28 31
2560 55 8
2561 52 1
2562 17 9
2563 71 30
2564 23 33
2565 68 34
2566 89 0
2567 46 47
2568 72 50
2569 27 60
2570 8 79
2571 1 8
2572 32 77
2573 57 15
2574 10 34
2575 41 55
2576 51 24
2577 4 81
2578 88 14
2579 37 72
2580 69 49
2581 28 82
2582 20 50
2583 86 59
2584 75 52
2585 72 36
2586 67 74
2587 5 6
2588 2 44
2589 43 7
2590 3 45
2591 63 71
2592 88 55
2593 57 21
2594 40 36
2595 32 54
2596 25 84
2597 79 53
2598 14 20
2599 80 76
2600 56 36
2601 18 0
2602 67 59
2603 23 87
2604 43 87
2605 57 53
2606 7 29
2607 74 5
2608 54 57
2609 35 14
2610 12 42
2611 70 77
2612 86 36
2613 82 73
2614 48 62
2615 86 78
2616 1 70
2617 45 41
2618 84 57
2619 7 3
2620 25 77
2621 26 46
2622 68 26
2623 81 68
2624 46 25
2625 83 4
2626 21 81
2627 22 81
2628 18 2
2629 49 69
2630 12 9
2631 24 79
2632 53 76
2633 23 70
2634 6 37
2635 69 5
2636 49 61
2637 24 76
2638 27 53
2639 79 28
2640 50 28
2641 52 58
2642 19 40
2643 32 29
2644 49 32
2645 53 22
2646 68 25
2647 60 66
2648 83 63
2649 10 68
2650 44 28
2651 79 87
2652 56 71
2653 46 68
2654 84 64
2655 46 71
2656 22 28
2657 15 20
2658 73 84
2659 23 35
2660 41 32
2661 82 78
2662 47 31
2663 24 73
2664 58 79
2665 52 66
2666 45 89
2667 78 82
2668 15 38
2669 50 79
2670 46 29
2671 73 16
2672 9 89
2673 4 89
2674 34 88
2675 56 83
2676 6 48
2677 75 24
2678 60 49
2679 89 62
2680 32 64
2681 9 69
2682 6 52
2683 43 72
2684 72 4
2685 57 65
2686 19 0
2687 80 57
2688 36 17
2689 90 70
2690 67 53
2691 35 88
2692 51 72
2693 90 7
2694 72 65
2695 9 39
2696 19 90
2697 79 18
2698 55 14
2699 38 43
2700 79 40
2701 41 0
2702 37 21
2703 42 2
2704 19 21
2705 31 26
2706 34 48
2707 26 33
2708 51 43
2709 73 0
2710 30 57
2711 31 73
2712 89 37
2713 54 8
2714 70 24
2715 17 51
2716 70 9
2717 1 63
2718 12 55
2719 43 77
2720 50 26
2721 50 55
2722 68 34
2723 30 21
2724 82 81
2725 12 45
2726 60 51
2727 38 6
2728 56 49
2729 34 34
2730 36 40
2731 23 69
2732 32 62
2733 14 47
2734 22 6
2735 25 52
2736 24 38
2737 66 5
2738 73 37
2739 74 39
2740 71 53
2741 77 11
2742 26 63
2743 22 13
2744 74 36
2745 47 88
2746 37 60
2747 78 60
2748 15 85
2749 21 51
2750 28 7
2751 63 16
2752 5 78
2753 52 20
2754 60 71
2755 81 64
2756 7 77
2757 63 3
2758 43 57
2759 64 64
2760 80 58
2761 38 60
2762 43 46
2763 73 53
2764 15 90
2765 7 31
2766 72 79
2767 11 22
2768 84 83
2769 15 56
2770 9 0
2771 32 69
2772 63 79
2773 63 86
2774 51 15
2775 49 5
2776 29 68
2777 67 49
2778 74 5
2779 89 31
2780 4 44
2781 51 75
2782 8 16
2783 20 42
2784 27 66
2785 56 40
2786 55 45
2787 35 46
2788 75 83
2789 51 72
2790 58 21
2791 45 79
2792 61 83
2793 76 44
2794 17 10
2795 60 56
2796 12 10
2797 76 62
2798 79 11
2799 65 52
2800 71 67
2801 31 46
2802 46 70
2803 1 12
2804 9 67
2805 17 32
2806 81 28
2807 46 30
2808 82 71
2809 73 70
2810 69 70
2811 54 63
2812 8 76
2813 29 50
2814 74 36
2815 38 84
2816 14 72
2817 65 48
2818 74 87
2819 84 21
2820 44 25
2821 68 23
2822 64 77
2823 39 4
2824 12 70
2825 73 39
2826 14 75
2827 79 8
2828 50 4
2829 0 80
2830 51 0
2831 11 36
2832 66 62
2833 42 87
2834 83 33
2835 66 18
2836 19 60
2837 27 15
2838 55 73
2839 65 11
2840 84 19
2841 0 50
2842 89 29
2843 87 0
2844 80 1
2845 59 23
2846 42 90
2847 75 3
2848 82 52
2849 85 35
2850 82 7
2851 8 19
2852 75 86
2853 13 17
2854 40 87
2855 51 71
2856 82 28
2857 76 79
2858 88 63
2859 36 10
2860 28 30
2861 87 19
2862 45 65
2863 87 80
2864 49 43
2865 60 80
2866 50 6
2867 10 19
2868 70 44
2869 2 53
2870 16 52
2871 32 60
2872 31 17
2873 8 39
2874 7 62
2875 6 45
2876 30 23
2877 79 69
2878 35 8
2879 27 0
2880 31 43
2881 73 24
2882 55 84
2883 58 46
2884 4 53
2885 79 14
2886 14 25
2887 55 9
2888 23 80
2889 89 82
2890 7 88
2891 88 57
2892 26 55
2893 3 50
2894 12 65
2895 75 23
2896 5 1
2897 2 52
2898 77 24
2899 45 33
2900 77 65
2901 41 26
2902 82 14
2903 32 84
2904 35 74
2905 78 61
2906 79 28
2907 86 37
2908 71 13
2909 35 43
2910 21 76
2911 40 79
2912 29 80
2913 37 65
2914 2 35
2915 76 30
2916 36 0
2917 53 88
2918 19 13
2919 63 65
2920 75 33
2921 79 50
2922 41 80
2923 90 18
2924 45 62
2925 22 56
2926 78 59
2927 67 89
2928 61 0
2929 2 24
2930 53 37
2931 3 79
2932 15 16
2933 22 11
2934 42 8
2935 24 6
2936 60 42
2937 53 60
2938 7 16
2939 12 75
2940 52 34
2941 81 7
2942 32 15
2943 72 64
2944 8 73
2945 43 82
2946 57 57
2947 3 33
2948 71 37
2949 54 22
2950 34 54
2951 41 46
2952 85 73
2953 85 22
2954 54 58
2955 90 27
2956 20 78
2957 76 79
2958 15 53
2959 1 70
2960 64 35
2961 53 67
2962 67 12
2963 14 5
2964 43 13
2965 67 80
2966 31 73
2967 76 83
2968 65 38
2969 17 37
2970 34 43
2971 71 35
2972 83 26
2973 15 22
2974 3 80
2975 83 38
2976 65 66
2977 46 15
2978 77 74
2979 77 78
2980 18 64
2981 24 76
2982 22 90
2983 17 63
2984 84 4
2985 68 2
2986 32 17
2987 64 4
2988 54 29
2989 2 29
2990 45 45
2991 46 59
2992 73 20
2993 65 37
2994 19 66
2995 2 21
2996 16 38
2997 43 78
2998 14 21
2999 43 10
3000 18 10
3001 16 49
3002 66 54
3003 78 39
3004 52 75
3005 70 57
3006 46 67
3007 45 69
3008 74 53
3009 87 4
3010 58 22
3011 15 60
3012 31 43
3013 1 64
3014 78 47
3015 82 5
3016 43 54
3017 38 61
3018 40 7
3019 51 22
3020 6 19
3021 8 18
3022 62 48
3023 38 4
3024 5 78
3025 71 37
3026 26 33
3027 83 18
3028 27 29
3029 78 74
3030 9 69
3031 72 0
3032 21 56
3033 40 35
3034 35 31
3035 46 87
3036 75 47
3037 71 71
3038 35 13
3039 67 85
3040 41 55
3041 47 84
3042 67 17
3043 34 42
3044 48 38
3045 0 28
3046 79 6
3047 83 12
3048 62 17
3049 82 64
3050 87 2
3051 83 70
3052 80 84
3053 22 90
3054 18 62
3055 73 70
3056 86 27
3057 36 44
3058 22 61
3059 22 34
3060 10 48
3061 30 43
3062 39 19
3063 12 31
3064 7 23
3065 18 32
3066 68 9
3067 68 55
3068 11 73
3069 26 89
3070 58 50
3071 51 4
3072 75 81
3073 14 57
3074 70 45
3075 40 85
3076 73 76
3077 34 17
3078 24 62
3079 65 89
3080 83 19
3081 15 3
3082 81 18
3083 20 77
3084 7 22
3085 63 20
3086 21 45
3087 29 24
3088 29 12
3089 35 30
3090 36 29
3091 26 28
3092 49 23
3093 38 43
3094 4 13
3095 33 36
3096 1 24
3097 19 72
3098 85 21
3099 4 58
3100 90 47
3101 68 69
3102 63 32
3103 1 36
3104 71 61
3105 50 19
3106 20 43
3107 79 60
3108 17 22
3109 65 73
3110 53 0
3111 39 87
3112 32 12
3113 35 36
3114 54 71
3115 60 81
3116 42 50
3117 38 53
3118 75 64
3119 14 85
3120 17 70
3121 22 48
3122 75 12
3123 66 0
3124 58 89
3125 35 75
3126 16 18
3127 42 75
3128 36 64
3129 69 65
3130 37 86
3131 46 68
3132 57 64
3133 33 25
3134 28 51
3135 12 65
3136 59 17
3137 89 4
3138 46 52
3139 3 64
3140 30 20
3141 12 68
3142 67 10
3143 7 30
3144 80 49
3145 76 42
3146 89 9
3147 14 10
3148 86 49
3149 17 66
3150 75 12
3151 84 75
3152 71 31
3153 73 72
3154 18 43
3155 6 18
3156 42 82
3157 68 17
3158 43 49
3159 11 64
3160 7 14
3161 19 59
3162 53 47
3163 53 9
3164 6 7
3165 0 34
3166 18 17
3167 69 36
3168 31 8
3169 14 35
3170 40 6
3171 26 73
3172 14 41
3173 65 58
3174 0 77
3175 38 31
3176 11 67
3177 90 66
3178 12 75
3179 84 83
3180 65 35
3181 26 10
3182 14 22
3183 73 9
3184 65 79
3185 70 79
3186 16 29
3187 21 9
3188 42 83
3189 22 57
3190 1 22
3191 30 67
3192 19 48
3193 52 61
3194 35 71
3195 2 38
3196 28 66
3197 23 44
3198 23 45
3199 47 19
3200 90 84
3201 20 53
3202 54 50
3203 8 54
3204 42 79
3205 53 36
3206 86 22
3207 2 76
3208 4 63
3209 28 69
3210 38 69
3211 77 77
3212 66 87
3213 8 13
3214 41 16
3215 36 21
3216 18 32
3217 74 30
3218 31 36
3219 25 67
3220 26 16
3221 35 88
3222 28 0
3223 45 64
3224 82 32
3225 39 77
3226 32 66
3227 9 57
3228 81 69
3229 4 38
3230 7 66
3231 1 22
3232 86 38
3233 65 40
3234 56 61
3235 3 54
3236 85 50
3237 31 22
3238 24 41
3239 28 46
3240 85 66
3241 53 9
3242 45 5
3243 36 61
3244 67 36
3245 68 53
3246 33 67
3247 7 79
3248 24 63
3249 51 17
3250 85 33
3251 32 0
3252 59 52
3253 88 31
3254 72 10
3255 90 40
3256 55 68
3257 17 79
3258 45 62
3259 71 2
3260 76 39
3261 6 8
3262 31 31
3263 22 20
3264 84 86
3265 73 83
3266 83 17
3267 33 55
3268 43 82
3269 80 76
3270 53 57
3271 16 83
3272 84 4
3273 56 44
3274 50 41
3275 15 16
3276 68 64
3277 21 0
3278 84 31
3279 35 15
3280 12 75
3281 61 25
3282 49 45
3283 87 52
3284 47 55
3285 42 20
3286 34 57
3287 49 37
3288 0 32
3289 23 10
3290 25 35
3291 4 19
3292 33 21
3293 16 55
3294 4 31
3295 40 14
3296 57 11
3297 54 88
3298 19 77
3299 19 73
3300 82 2
3301 42 18
3302 63 7
3303 44 59
3304 6 55
3305 79 30
3306 35 21
3307 56 56
3308 8 51
3309 84 16
3310 51 18
3311 15 63
3312 39 60
3313 83 33
3314 22 45
3315 54 1
3316 50 81
3317 3 12
3318 17 19
3319 21 84
3320 80 34
3321 42 48
3322 52 80
3323 46 1
3324 89 49
3325 88 66
3326 24 26
3327 83 70
3328 9 29
3329 2 54
3330 88 79
3331 34 48
3332 77 45
3333 34 85
3334 14 84
3335 23 35
3336 57 26
3337 60 35
3338 63 0
3339 11 51
3340 63 18
3341 48 58
3342 57 36
3343 23 89
3344 81 31
3345 4 53
3346 84 7
3347 11 48
3348 27 40
3349 71 40
3350 89 46
3351 68 25
3352 56 6
3353 61 51
3354 82 54
3355 14 59
3356 11 51
3357 32 84
3358 7 30
3359 80 25
3360 88 36
3361 63 62
3362 11 29
3363 40 84
3364 46 57
3365 15 18
3366 83 10
3367 20 70
3368 57 2
3369 12 39
3370 60 47
3371 7 89
3372 22 29
3373 21 57
3374 46 89
3375 45 24
3376 25 8
3377 32 37
3378 18 42
3379 59 58
3380 55 28
3381 21 79
3382 45 88
3383 11 72
3384 17 35
3385 6 61
3386 39 27
3387 1 76
3388 57 0
3389 37 45
3390 59 79
3391 68 72
3392 80 24
3393 6 82
3394 53 54
3395 65 39
3396 66 84
3397 3 52
3398 86 8
3399 7 85
3400 0 74
3401 8 69
3402 38 17
3403 44 75
3404 5 5
3405 78 38
3406 86 82
3407 87 69
3408 5 81
3409 8 88
3410 25 21
3411 22 65
3412 17 20
3413 74 6
3414 80 82
3415 84 79
3416 45 90
3417 68 66
3418 87 21
3419 86 67
3420 57 41
3421 33 23
3422 9 51
3423 59 56
3424 20 69
3425 2 14
3426 64 46
3427 18 60
3428 16 10
3429 29 34
3430 31 48
3431 57 0
3432 46 78
3433 64 2
3434 48 66
3435 44 11
3436 70 58
3437 90 5
3438 72 80
3439 10 69
3440 4 40
3441 24 27
3442 27 27
3443 70 46
3444 82 60
3445 75 51
3446 61 59
3447 69 27
3448 85 17
3449 53 36
3450 62 90
3451 74 47
3452 81 36
3453 23 88
3454 24 24
3455 60 39
3456 84 56
3457 38 24
3458 53 0
3459 65 19
3460 62 19
3461 23 22
3462 5 11
3463 82 7
3464 31 85
3465 7 24
3466 39 15
3467 16 14
3468 42 57
3469 65 32
3470 89 57
3471 19 27
3472 43 29
3473 23 26
3474 77 52
3475 11 74
3476 72 5
3477 43 82
3478 20 78
3479 72 70
3480 68 39
3481 86 7
3482 90 10
3483 75 3
3484 1 71
3485 74 8
3486 2 22
3487 7 58
3488 11 55
3489 71 69
3490 89 46
3491 52 71
3492 53 74
3493 19 84
3494 41 85
3495 7 53
3496 42 25
3497 51 38
3498 68 74
3499 81 37
3500 60 50
3501 17 66
3502 47 52
3503 21 12
3504 59 35
3505 17 3
3506 43 5
3507 27 32
3508 31 75
3509 41 42
3510 84 2
3511 90 31
3512 48 50
3513 2 71
3514 40 5
3515 62 88
3516 0 45
3517 12 58
3518 27 82
3519 32 83
3520 55 76
3521 42 0
3522 63 73
3523 76 18
3524 84 39
3525 54 42
3526 13 61
3527 64 37
3528 10 24
3529 81 59
3530 75 10
3531 17 89
3532 19 73
3533 27 22
3534 51 89
3535 43 59
3536 24 65
3537 65 66
3538 83 75
3539 7 78
3540 13 79
3541 24 4
3542 61 62
3543 10 41
3544 69 46
3545 1 40
3546 61 29
3547 29 70
3548 0 58
3549 28 58
3550 6 60
3551 14 23
3552 21 45
3553 17 50
3554 77 10
3555 60 86
3556 25 88
3557 17 29
3558 24 21
3559 69 48
3560 45 80
3561 46 10
3562 74 60
3563 39 29
3564 75 28
3565 29 88
3566 67 66
3567 87 84
3568 78 57
3569 37 86
3570 87 79
3571 66 75
3572 6 44
3573 55 8
3574 84 65
3575 82 58
3576 51 39
3577 73 12
3578 36 39
3579 36 33
3580 50 64
3581 6 22
3582 73 77
3583 18 65
3584 82 56
3585 66 26
3586 16 5
3587 85 46
3588 69 34
3589 46 67
3590 56 82
3591 22 65
3592 35 60
3593 30 59
3594 36 48
3595 73 26
3596 9 55
3597 54 53
3598 81 16
3599 25 63
3600 46 49
3601 14 1
3602 31 90
3603 90 89
3604 76 63
3605 57 26
3606 40 39
3607 43 61
3608 15 22
3609 12 83
3610 32 40
3611 15 54
3612 61 88
3613 50 78
3614 85 39
3615 83 31
3616 9 90
3617 25 24
3618 10 88
3619 6 6
3620 13 84
3621 75 30
3622 11 61
3623 36 15
3624 16 19
3625 51 70
3626 42 38
3627 30 41
3628 11 42
3629 52 56
3630 51 4
3631 40 27
3632 25 16
3633 62 56
3634 22 35
3635 12 77
3636 0 0
3637 7 65
3638 77 67
3639 47 48
3640 79 46
3641 38 55
3642 85 83
3643 21 79
3644 30 48
3645 20 18
3646 65 14
3647 77 11
3648 4 57
3649 68 19
3650 81 53
3651 86 70
3652 17 23
3653 17 23
3654 87 44
3655 36 8
3656 72 18
3657 25 79
3658 40 2
3659 17 8
3660 1 25
3661 44 78
3662 54 85
3663 53 36
3664 60 7
3665 47 40
3666 86 62
3667 41 54
3668 66 18
3669 65 70
3670 50 75
3671 66 36
3672 20 83
3673 84 51
3674 52 89
3675 64 57
3676 42 28
3677 62 18
3678 88 10
3679 70 36
3680 49 74
3681 41 37
3682 80 72
3683 65 14
3684 34 53
3685 70 37
3686 40 56
3687 40 64
3688 33 73
3689 48 49
3690 17 51
3691 56 60
3692 66 71
3693 5 29
3694 76 38
3695 74 47
3696 21 51
3697 33 31
3698 12 53
3699 17 52
3700 29 25
3701 90 69
3702 6 13
3703 54 8
3704 83 8
3705 52 80
3706 50 4
3707 1 31
3708 72 28
3709 22 30
3710 32 86
3711 62 6
3712 74 48
3713 0 59
3714 47 30
3715 81 58
3716 75 13
3717 12 41
3718 5 28
3719 43 85
3720 64 88
3721 6 30
3722 71 20
3723 51 63
3724 74 57
3725 12 65
3726 14 79
3727 39 85
3728 11 39
3729 43 17
3730 2 47
3731 28 0
3732 2 51
3733 32 55
3734 57 15
3735 89 53
3736 26 52
3737 42 29
3738 12 82
3739 90 4
3740 79 44
3741 59 7
3742 88 55
3743 82 75
3744 60 46
3745 88 51
3746 14 29
3747 9 79
3748 50 24
3749 24 18
3750 81 39
3751 76 14
3752 31 53
3753 83 77
3754 69 64
3755 27 53
3756 5 75
3757 20 16
3758 65 9
3759 87 55
3760 77 42
3761 77 61
3762 2 67
3763 8 32
3764 56 35
3765 24 85
3766 33 32
3767 86 16
3768 58 47
3769 21 51
3770 34 57
3771 45 60
3772 13 34
3773 49 86
3774 42 74
3775 71 35
3776 59 33
3777 41 3
3778 65 21
3779 29 26
3780 1 64
3781 56 43
3782 46 1
3783 76 63
3784 7 56
3785 22 65
3786 20 32
3787 25 60
3788 17 11
3789 84 0
3790 66 26
3791 12 48
3792 45 39
3793 15 77
3794 8 3
3795 15 17
3796 84 13
3797 62 59
3798 87 56
3799 86 88
3800 68 9
3801 17 83
3802 63 32
3803 3 80
3804 55 19
3805 72 18
3806 21 31
3807 82 61
3808 62 52
3809 79 8
3810 3 56
3811 6 61
3812 18 58
3813 78 32
3814 33 41
3815 71 23
3816 9 81
3817 76 50
3818 43 26
3819 16 10
3820 48 9
3821 8 76
3822 46 2
3823 73 53
3824 25 19
3825 81 29
3826 51 82
3827 25 8
3828 11 40
3829 3 70
3830 84 84
3831 69 34
3832 19 28
3833 28 50
3834 72 46
3835 39 30
3836 86 68
3837 84 90
3838 80 3
3839 76 54
3840 65 62
3841 41 46
3842 3 30
3843 1 46
3844 69 87
3845 44 87
3846 79 29
3847 67 22
3848 11 79
3849 35 57
3850 25 52
3851 32 28
3852 87 47
3853 52 31
3854 30 80
3855 89 33
3856 76 40
3857 27 69
3858 0 84
3859 5 57
3860 32 86
3861 78 44
3862 89 36
3863 84 28
3864 88 44
3865 56 1
3866 28 40
3867 3 4
3868 2 4
3869 36 74
3870 85 7
3871 4 86
3872 23 34
3873 40 80
3874 9 75
3875 8 66
3876 58 50
3877 12 8
3878 73 61
3879 76 70
3880 14 42
3881 36 32
3882 45 59
3883 70 1
3884 53 38
3885 15 20
3886 55 88
3887 6 35
3888 78 51
3889 63 35
3890 21 81
3891 15 71
3892 52 28
3893 33 18
3894 90 51
3895 51 51
3896 16 60
3897 47 56
3898 35 87
3899 30 27
3900 90 46
3901 73 61
3902 74 6
3903 46 50
3904 2 76
3905 11 13
3906 80 54
3907 22 68
3908 30 12
3909 39 52
3910 70 12
3911 89 42
3912 70 17
3913 31 66
3914 82 43
3915 35 55
3916 34 5
3917 77 62
3918 33 18
3919 10 80
3920 50 45
3921 64 43
3922 76 37
3923 29 88
3924 72 31
3925 76 47
3926 36 76
3927 7 23
3928 87 1
3929 46 73
3930 1 79
3931 61 30
3932 22 73
3933 19 85
3934 84 71
3935 48 9
3936 82 55
3937 4 7
3938 9 62
3939 83 81
3940 59 44
3941 43 78
3942 46 67
3943 26 35
3944 12 48
3945 36 28
3946 40 49
3947 42 36
3948 65 25
3949 37 40
3950 9 88
3951 46 45
3952 39 58
3953 34 78
3954 32 12
3955 2 40
3956 45 47
3957 2 69
3958 9 7
3959 33 52
3960 9 48
3961 51 14
3962 45 48
3963 50 4
3964 26 15
3965 46 69
3966 18 24
3967 27 16
3968 1 3
3969 51 38
3970 18 67
3971 58 29
3972 84 69
3973 73 60
3974 65 50
3975 80 35
3976 73 16
3977 37 3
3978 39 32
3979 49 58
3980 11 50
3981 54 0
3982 54 39
3983 32 4
3984 30 48
3985 43 87
3986 24 13
3987 73 30
3988 21 17
3989 66 2
3990 50 1
3991 34 3
3992 42 12
3993 89 68
3994 51 65
3995 57 23
3996 65 39
3997 20 71
3998 43 82
3999 38 28
4000 72 70
4001 54 25
4002 80 87
4003 9 47
4004 84 41
4005 22 68
4006 56 65
4007 66 28
4008 64 61
4009 9 32
4010 67 35
4011 29 8
4012 17 45
4013 69 76
4014 79 3
4015 87 66
4016 70 85
4017 50 48
4018 86 58
4019 54 56
4020 30 42
4021 50 0
4022 66 28
4023 67 27
4024 58 43
4025 20 1
4026 57 13
4027 18 36
4028 72 39
4029 87 75
4030 14 62
4031 2 31
4032 45 12
4033 64 8
4034 34 81
4035 81 0
4036 1 69
4037 16 23
4038 7 88
4039 51 35
4040 21 84
4041 84 55
4042 87 42
4043 85 87
4044 34 59
4045 16 30
4046 4 37
4047 23 89
4048 72 13
4049 3 81
4050 85 44
4051 29 28
4052 14 62
4053 38 17
4054 87 12
4055 48 33
4056 27 18
4057 30 60
4058 26 46
4059 58 53
4060 41 67
4061 67 17
4062 37 60
4063 63 3
4064 37 20
4065 33 61
4066 8 52
4067 29 90
4068 3 9
4069 9 34
4070 24 1
4071 39 15
4072 86 43
4073 10 4
4074 42 24
4075 90 26
4076 28 58
4077 60 86
4078 38 34
4079 59 79
4080 21 13
4081 3 0
4082 88 51
4083 65 38
4084 1 88
4085 90 79
4086 56 53
4087 50 46
4088 26 84
4089 3 59
4090 30 24
4091 67 50
4092 0 14
4093 50 26
4094 9 64
4095 50 78
4096 1 34
4097 35 63
4098 57 83
4099 31 20
4100 37 86
4101 80 54
4102 39 89
4103 7 77
4104 54 37
4105 37 41
4106 42 8
4107 60 43
4108 17 37
4109 66 90
4110 25 31
4111 6 65
4112 17 84
4113 77 7
4114 12 6
4115 47 72
4116 34 71
4117 72 40
4118 62 12
4119 87 39
4120 66 58
4121 68 12
4122 86 4
4123 87 38
4124 78 16
4125 87 30
4126 73 75
4127 69 25
4128 14 49
4129 43 65
4130 16 29
4131 56 75
4132 82 29
4133 25 29
4134 51 41
4135 81 74
4136 5 73
4137 83 29
4138 5 1
4139 34 29
4140 14 7
4141 13 33
4142 73 68
4143 35 73
4144 72 16
4145 21 86
4146 36 82
4147 50 79
4148 85 47
4149 5 8
4150 30 22
4151 35 55
4152 71 24
4153 77 40
4154 33 39
4155 78 52
4156 81 69
4157 84 36
4158 3 56
4159 68 30
4160 36 65
4161 48 39
4162 8 59
4163 36 82
4164 23 64
4165 13 30
4166 77 85
4167 1 75
4168 82 85
4169 6 41
4170 64 57
4171 53 8
4172 2 80
4173 76 9
4174 48 25
4175 64 54
4176 87 5
4177 49 68
4178 79 32
4179 3 17
4180 9 74
4181 16 61
4182 63 37
4183 71 69
4184 19 75
4185 75 22
4186 28 56
4187 50 48
4188 73 15
4189 78 0
4190 77 58
4191 79 85
4192 33 74
4193 45 32
4194 8 77
4195 48 66
4196 20 54
4197 30 62
4198 33 50
4199 14 70
4200 24 76
4201 33 14
4202 76 41
4203 20 26
4204 30 90
4205 62 7
4206 86 88
4207 88 45
4208 37 5
4209 69 2
4210 21 90
4211 67 65
4212 65 31
4213 38 63
4214 78 13
4215 49 81
4216 20 19
4217 51 54
4218 87 28
4219 64 20
4220 5 63
4221 45 60
4222 57 54
4223 76 10
4224 69 2
4225 30 25
4226 57 4
4227 63 73
4228 65 11
4229 44 42
4230 68 63
4231 33 71
4232 6 33
4233 87 66
4234 4 22
4235 25 85
4236 85 25
4237 29 55
4238 23 17
4239 31 2
4240 64 69
4241 16 83
4242 0 59
4243 8 73
4244 21 4
4245 25 61
4246 40 28
4247 18 42
4248 20 26
4249 59 50
4250 56 63
4251 3 79
4252 48 26
4253 82 17
4254 82 82
4255 19 87
4256 48 5
4257 52 25
4258 38 82
4259 75 57
4260 7 41
4261 66 78
4262 3 16
4263 33 31
4264 20 6
4265 89 71
4266 37 28
4267 27 7
4268 70 4
4269 6 57
4270 78 42
4271 29 31
4272 5 76
4273 60 80
4274 35 8
4275 41 53
4276 48 33
4277 69 53
4278 52 0
4279 4 20
4280 87 11
4281 55 58
4282 86 41
4283 36 45
4284 3 62
4285 68 44
4286 8 75
4287 49 60
4288 39 58
4289 1 64
4290 53 14
4291 10 42
4292 88 73
4293 23 85
4294 64 47
4295 50 31
4296 48 45
4297 40 5
4298 48 20
4299 55 27
4300 2 65
4301 2 56
4302 55 75
4303 45 69
4304 72 15
4305 84 70
4306 56 10
4307 35 44
4308 22 14
4309 42 84
4310 43 32
4311 84 8
4312 85 51
4313 62 65
4314 63 5
4315 58 51
4316 70 68
4317 28 89
4318 49 12
4319 75 22
4320 78 76
4321 40 1
4322 46 84
4323 15 60
4324 48 78
4325 35 33
4326 3 30
4327 62 38
4328 37 16
4329 76 12
4330 64 33
4331 82 41
4332 9 31
4333 36 55
4334 69 70
4335 43 57
4336 49 71
4337 60 36
4338 11 58
4339 44 53
4340 11 16
4341 69 17
4342 39 15
4343 68 81
4344 56 42
4345 26 50
4346 57 26
4347 33 32
4348 6 77
4349 54 6
4350 44 55
4351 88 77
4352 32 55
4353 21 43
4354 70 50
4355 52 56
4356 85 44
4357 86 1
4358 90 53
4359 7 43
4360 47 64
4361 1 64
4362 5 39
4363 76 86
4364 33 51
4365 38 56
4366 18 73
4367 20 57
4368 17 36
4369 26 72
4370 80 25
4371 75 75
4372 40 46
4373 2 84
4374 36 4
4375 79 81
4376 13 48
4377 41 55
4378 74 87
4379 58 25
4380 61 42
4381 53 56
4382 18 52
4383 40 35
4384 23 73
4385 57 58
4386 56 69
4387 90 53
4388 2 76
4389 85 81
4390 12 24
4391 87 26
4392 59 30
4393 90 78
4394 54 20
4395 26 0
4396 50 15
4397 41 23
4398 40 39
4399 37 69
4400 19 24
4401 27 30
4402 12 77
4403 71 79
4404 73 12
4405 38 21
4406 74 46
4407 13 65
4408 35 9
4409 64 71
4410 59 71
4411 57 13
4412 77 32
4413 81 6
4414 6 76
4415 21 35
4416 4 80
4417 14 67
4418 19 26
4419 72 41
4420 68 71
4421 18 89
4422 69 3
4423 39 69
4424 13 1
4425 56 40
4426 34 82
4427 75 12
4428 15 18
4429 67 13
4430 60 66
4431 24 43
4432 77 55
4433 8 79
4434 63 72
4435 1 13
4436 58 10
4437 30 88
4438 87 59
4439 81 37
4440 56 47
4441 89 7
4442 1 17
4443 41 30
4444 38 15
4445 12 50
4446 6 68
4447 39 80
4448 27 41
4449 83 76
4450 40 86
4451 43 6
4452 26 68
4453 12 7
4454 76 33
4455 31 74
4456 30 3
4457 43 89
4458 58 7
4459 38 28
4460 73 47
4461 73 12
4462 75 0
4463 85 6
4464 72 90
4465 20 79
4466 62 32
4467 64 4
4468 22 47
4469 73 4
4470 77 30
4471 25 51
4472 40 54
4473 39 32
4474 16 62
4475 64 85
4476 30 58
4477 0 70
4478 43 12
4479 15 45
4480 75 0
4481 52 75
4482 80 53
4483 84 84
4484 52 79
4485 59 67
4486 75 31
4487 40 79
4488 59 55
4489 47 4
4490 45 71
4491 65 85
4492 27 47
4493 31 9
4494 46 76
4495 88 7
4496 57 25
4497 42 35
4498 12 75
4499 83 33
4500 45 7
4501 37 24
4502 25 42
4503 19 54
4504 38 48
4505 33 88
4506 13 13
4507 6 32
4508 20 67
4509 85 17
4510 69 54
4511 27 14
4512 69 66
4513 87 38
4514 85 79
4515 71 33
4516 50 88
4517 64 71
4518 22 90
4519 6 12
4520 17 71
4521 11 12
4522 37 34
4523 22 30
4524 30 81
4525 19 34
4526 68 52
4527 7 50
4528 47 11
4529 81 50
4530 7 85
4531 33 36
4532 17 45
4533 6 32
4534 70 90
4535 16 69
4536 39 19
4537 44 46
4538 2 48
4539 15 16
4540 89 85
4541 82 20
4542 48 20
4543 22 87
4544 38 60
4545 14 63
4546 60 41
4547 89 27
4548 5 5
4549 0 79
4550 55 81
4551 35 37
4552 32 72
4553 24 9
4554 78 49
4555 11 16
4556 78 36
4557 89 22
4558 88 22
4559 89 24
4560 19 72
4561 37 5
4562 60 36
4563 48 2
4564 15 23
4565 62 66
4566 79 4
4567 30 39
4568 22 21
4569 78 84
4570 55 17
4571 79 69
4572 69 60
4573 46 21
4574 64 0
4575 4 87
4576 70 40
4577 16 50
4578 50 79
4579 48 56
4580 85 85
4581 68 53
4582 59 17
4583 84 34
4584 36 35
4585 14 47
4586 87 7
4587 66 72
4588 11 81
4589 68 57
4590 37 43
4591 43 75
4592 10 31
4593 9 65
4594 45 67
4595 16 74
4596 54 62
4597 10 57
4598 90 18
4599 2 71
4600 89 38
4601 81 30
4602 4 26
4603 79 60
4604 72 81
4605 21 14
4606 6 74
4607 31 81
4608 78 68
4609 88 53
4610 46 46
4611 33 19
4612 56 51
4613 77 83
4614 70 18
4615 50 48
4616 19 87
4617 20 68
4618 35 48
4619 51 5
4620 40 24
4621 62 10
4622 13 41
4623 61 45
4624 53 64
4625 70 77
4626 59 25
4627 49 72
4628 39 51
4629 3 49
4630 13 88
4631 29 21
4632 13 73
4633 48 33
4634 16 68
4635 12 6
4636 9 74
4637 52 81
4638 82 0
4639 51 53
4640 52 4
4641 67 13
4642 14 69
4643 76 65
4644 61 80
4645 60 74
4646 39 57
4647 53 7
4648 46 75
4649 3 55
4650 41 41
4651 37 30
4652 87 23
4653 76 69
4654 18 44
4655 88 53
4656 83 49
4657 62 24
4658 21 11
4659 43 79
4660 63 14
4661 15 23
4662 22 11
4663 35 14
4664 26 6
4665 84 81
4666 41 38
4667 35 58
4668 63 74
4669 43 75
4670 82 4
4671 7 73
4672 37 63
4673 13 52
4674 76 5
4675 58 48
4676 81 62
4677 71 77
4678 55 23
4679 54 73
4680 26 58
4681 9 28
4682 79 83
4683 63 20
4684 7 69
4685 74 32
4686 85 46
4687 72 23
4688 54 25
4689 48 73
4690 52 61
4691 21 4
4692 63 16
4693 37 49
4694 13 68
4695 22 1
4696 3 2
4697 60 22
4698 84 46
4699 90 56
4700 79 46
4701 78 38
4702 23 17
4703 55 9
4704 39 22
4705 12 56
4706 38 7
4707 45 23
4708 44 44
4709 33 49
4710 0 54
4711 81 48
4712 48 79
4713 54 21
4714 26 19
4715 68 28
4716 75 49
4717 29 75
4718 66 72
4719 36 72
4720 9 26
4721 81 24
4722 42 38
4723 31 4
4724 42 58
4725 9 79
4726 26 87
4727 74 79
4728 42 87
4729 46 77
4730 43 20
4731 65 51
4732 63 48
4733 41 27
4734 66 41
4735 38 11
4736 33 73
4737 86 25
4738 31 6
4739 9 36
4740 17 41
4741 89 61
4742 71 64
4743 51 14
4744 19 63
4745 0 74
4746 57 85
4747 18 51
4748 63 70
4749 55 54
4750 21 43
4751 40 62
4752 47 77
4753 17 69
4754 62 8
4755 21 48
4756 41 15
4757 39 12
4758 7 53
4759 72 11
4760 9 1
4761 26 30
4762 6 69
4763 9 30
4764 62 51
4765 25 64
4766 41 41
4767 81 85
4768 16 80
4769 38 19
4770 24 10
4771 12 56
4772 10 14
4773 47 55
4774 21 31
4775 43 89
4776 24 12
4777 56 83
4778 7 30
4779 13 15
4780 62 0
4781 84 19
4782 40 8
4783 73 11
4784 60 88
4785 74 58
4786 79 78
4787 10 1
4788 21 80
4789 44 4
4790 32 56
4791 88 89
4792 30 16
4793 64 10
4794 53 38
4795 72 65
4796 16 66
4797 49 83
4798 72 65
4799 0 58
4800 7 10
4801 69 35
4802 88 70
4803 0 83
4804 14 63
4805 0 38
4806 83 70
4807 63 32
4808 82 75
4809 80 41
4810 12 50
4811 70 27
4812 0 83
4813 89 83
4814 15 31
4815 80 72
4816 28 20
4817 20 78
4818 27 12
4819 42 71
4820 46 82
4821 8 32
4822 73 9
4823 10 54
4824 49 42
4825 74 41
4826 66 42
4827 52 68
4828 48 15
4829 32 14
4830 51 43
4831 53 54
4832 54 5
4833 77 45
4834 7 35
4835 54 55
4836 56 18
4837 12 47
4838 80 16
4839 51 31
4840 72 24
4841 41 48
4842 67 35
4843 75 11
4844 87 33
4845 3 90
4846 33 73
4847 89 68
4848 62 38
4849 81 28
4850 90 90
4851 59 21
4852 67 89
4853 47 48
4854 81 12
4855 70 5
4856 13 54
4857 3 13
4858 66 51
4859 27 28
4860 57 49
4861 88 35
4862 66 5
4863 64 38
4864 18 48
4865 80 83
4866 12 42
4867 87 42
4868 64 21
4869 18 88
4870 57 63
4871 55 9
4872 66 42
4873 72 52
4874 81 66
4875 14 24
4876 63 15
4877 63 58
4878 66 47
4879 28 5
4880 61 46
4881 1 31
4882 7 75
4883 16 83
4884 29 3
4885 30 78
4886 80 8
4887 32 41
4888 71 42
4889 87 75
4890 90 39
4891 74 3
4892 20 40
4893 57 68
4894 9 7
4895 76 69
4896 52 28
4897 54 87
4898 60 17
4899 65 15
4900 88 46
4901 79 51
4902 17 68
4903 41 54
4904 46 24
4905 54 87
4906 31 28
4907 2 35
4908 52 89
4909 15 56
4910 25 35
4911 32 20
4912 81 30
4913 4 10
4914 3 34
4915 31 45
4916 60 24
4917 61 17
4918 62 73
4919 69 25
4920 73 11
4921 83 85
4922 54 24
4923 39 65
4924 81 11
4925 88 34
4926 75 39
4927 73 49
4928 24 33
4929 80 36
4930 30 32
4931 61 49
4932 46 78
4933 35 1
4934 78 13
4935 40 43
4936 3 46
4937 41 9
4938 35 6
4939 88 2
4940 1 36
4941 16 50
4942 50 61
4943 74 16
4944 32 67
4945 13 29
4946 34 87
4947 79 9
4948 87 3
4949 15 55
4950 18 38
4951 26 2
4952 73 66
4953 6 46
4954 34 14
4955 85 32
4956 25 41
4957 56 14
4958 86 35
4959 56 27
4960 16 68
4961 86 54
4962 89 54
4963 58 53
4964 61 41
4965 25 54
4966 60 36
4967 21 8
4968 85 50
4969 35 50
4970 55 85
4971 7 77
4972 39 31
4973 16 16
4974 35 61
4975 15 77
4976 7 84
4977 30 1
4978 50 89
4979 66 12
4980 66 33
4981 14 61
4982 89 40
4983 53 46
4984 61 4
4985 67 56
4986 46 30
4987 78 80
4988 5 26
4989 54 1
4990 89 56
4991 79 41
4992 53 33
4993 60 70
4994 52 86
4995 29 37
4996 30 81
4997 70 82
4998 55 56
4999 14 1
