0 21 7
1 18 68
2 55 40
3 9 50
4 26 76
5 67 54
6 10 47
7 65 49
8 48 78
9 42 63
10 86 34
11 43 71
12 47 3
13 61 86
14 59 23
15 67 79
16 29 35
17 39 27
18 53 45
19 2 22
20 47 85
21 13 28
22 54 79
23 54 5
24 78 30
25 63 5
26 74 62
27 10 88
28 80 28
29 14 7
30 37 50
31 79 36
32 84 27
33 54 27
34 34 29
35 75 77
36 81 58
37 38 35
38 37 9
39 10 40
40 71 55
41 88 35
42 27 57
43 79 81
44 52 11
45 49 63
46 57 7
47 52 3
48 13 74
49 20 72
50 87 87
51 32 77
52 39 89
53 42 46
54 7 15
55 28 71
56 50 1
57 57 0
58 88 8
59 57 4
60 58 0
61 4 22
62 19 41
63 54 87
64 40 21
65 30 20
66 23 13
67 71 18
68 86 19
69 58 66
70 10 42
71 30 5
72 83 3
73 6 38
74 61 23
75 30 45
76 50 28
77 8 85
78 10 4
79 55 64
80 76 14
81 4 10
82 71 76
83 68 0
84 87 45
85 5 67
86 52 58
87 20 46
88 73 54
89 81 1
90 64 52
91 31 55
92 82 36
93 26 63
94 17 9
95 68 16
96 24 63
97 39 17
98 53 8
99 21 64
100 66 63
101 19 29
102 36 12
103 63 43
104 9 75
105 18 27
106 24 39
107 16 80
108 88 45
109 79 75
110 90 4
111 17 26
112 77 80
113 60 11
114 54 26
115 15 32
116 82 8
117 54 59
118 47 50
119 22 6
120 84 50
121 19 25
122 5 13
123 35 15
124 43 7
125 32 56
126 52 81
127 71 83
128 4 79
129 36 24
130 7 78
131 29 85
132 84 11
133 6 42
134 24 87
135 65 29
136 42 48
137 36 29
138 37 58
139 84 53
140 39 64
141 34 27
142 9 10
143 2 52
144 5 26
145 69 46
146 45 3
147 36 87
148 82 39
149 66 49
150 86 47
151 65 45
152 50 62
153 27 24
154 22 45
155 19 65
156 68 20
157 34 4
158 47 82
159 35 85
160 89 54
161 51 7
162 12 79
163 17 3
164 0 19
165 40 15
166 64 56
167 43 47
168 70 53
169 13 58
170 9 76
171 42 73
172 12 47
173 67 58
174 0 29
175 31 43
176 37 4
177 40 74
178 30 69
179 50 82
180 30 1
181 56 88
182 74 8
183 90 58
184 24 11
185 90 16
186 52 7
187 62 25
188 30 63
189 69 40
190 41 62
191 17 13
192 82 20
193 42 85
194 30 60
195 62 46
196 76 55
197 16 32
198 84 58
199 80 56
200 6 58
201 8 78
202 54 77
203 70 88
204 73 40
205 22 17
206 0 53
207 77 65
208 88 48
209 55 17
210 47 28
211 64 24
212 72 46
213 75 60
214 4 55
215 40 33
216 41 53
217 69 87
218 30 15
219 90 32
220 27 78
221 28 20
222 10 58
223 1 34
224 20 7
225 19 54
226 17 74
227 59 19
228 20 7
229 0 37
230 73 57
231 20 88
232 86 74
233 57 57
234 20 77
235 30 49
236 14 16
237 1 26
238 71 1
239 43 23
240 20 26
241 49 27
242 79 41
243 60 9
244 67 50
245 36 67
246 2 76
247 53 23
248 15 86
249 46 12
250 86 74
251 80 41
252 2 12
253 64 90
254 44 8
255 42 69
256 18 8
257 90 88
258 50 47
259 85 54
260 84 26
261 65 15
262 52 75
263 56 3
264 50 14
265 77 39
266 75 14
267 6 29
268 58 0
269 3 69
270 71 18
271 62 18
272 16 89
273 38 37
274 56 3
275 16 26
276 73 56
277 35 32
278 20 30
279 77 8
280 10 67
281 64 85
282 47 75
283 88 48
284 82 13
285 43 10
286 35 87
287 43 41
288 79 39
289 52 90
290 20 34
291 41 37
292 66 6
293 37 83
294 29 70
295 16 56
296 52 38
297 39 33
298 26 45
299 66 32
300 7 74
301 23 47
302 4 9
303 88 26
304 26 59
305 17 4
306 14 74
307 55 58
308 51 87
309 17 24
310 7 22
311 71 0
312 33 13
313 77 84
314 9 64
315 37 34
316 10 12
317 48 50
318 77 70
319 15 76
320 82 65
321 89 21
322 61 27
323 80 10
324 40 47
325 21 22
326 68 46
327 10 83
328 2 1
329 48 86
330 4 4
331 4 40
332 89 59
333 34 28
334 76 54
335 83 73
336 79 34
337 32 76
338 74 58
339 14 80
340 18 68
341 35 11
342 32 58
343 26 40
344 63 76
345 40 82
346 89 50
347 43 59
348 87 37
349 6 29
350 28 67
351 25 77
352 55 85
353 25 55
354 14 39
355 37 11
356 89 40
357 47 57
358 73 57
359 62 83
360 0 66
361 48 22
362 62 36
363 41 12
364 47 34
365 0 34
366 16 17
367 65 7
368 83 21
369 10 76
370 4 87
371 67 43
372 49 53
373 6 19
374 33 12
375 16 69
376 11 3
377 8 89
378 5 46
379 47 80
380 54 42
381 32 18
382 31 90
383 30 30
384 32 52
385 19 34
386 30 63
387 47 51
388 11 59
389 68 26
390 23 57
391 18 32
392 17 2
393 9 33
394 86 32
395 25 75
396 46 18
397 24 0
398 18 41
399 37 77
400 55 66
401 63 88
402 16 32
403 55 84
404 3 82
405 23 3
406 83 3
407 79 35
408 28 9
409 75 67
410 67 61
411 77 0
412 89 24
413 87 63
414 51 17
415 21 30
416 76 84
417 76 82
418 89 33
419 74 21
420 38 4
421 68 22
422 1 11
423 48 59
424 14 63
425 68 70
426 36 49
427 8 80
428 8 39
429 62 54
430 63 83
431 26 65
432 62 56
433 71 14
434 89 58
435 86 29
436 88 43
437 14 7
438 62 6
439 83 24
440 12 77
441 35 56
442 20 86
443 81 6
444 75 57
445 18 72
446 1 3
447 69 2
448 58 24
449 58 87
450 5 32
451 33 49
452 36 1
453 71 40
454 76 9
455 3 69
456 49 49
457 77 35
458 5 63
459 46 44
460 24 63
461 42 28
462 44 80
463 56 30
464 19 84
465 44 48
466 4 50
467 82 5
468 49 17
469 60 64
470 3 38
471 57 16
472 48 58
473 51 6
474 44 85
475 24 36
476 9 59
477 55 11
478 90 74
479 34 44
480 62 26
481 49 12
482 36 64
483 81 28
484 32 22
485 82 14
486 37 2
487 40 55
488 38 33
489 61 63
490 55 44
491 86 19
492 55 79
493 12 47
494 70 33
495 65 71
496 11 85
497 32 76
498 33 78
499 36 81
500 47 8
501 60 84
502 67 89
503 50 56
504 2 65
505 48 42
506 14 36
507 74 73
508 80 76
509 29 20
510 76 40
511 10 56
512 26 58
513 54 45
514 11 1
515 35 69
516 81 16
517 59 88
518 5 40
519 66 56
520 70 48
521 7 24
522 73 21
523 55 68
524 65 38
525 60 78
526 62 28
527 3 53
528 34 32
529 6 27
530 51 41
531 9 45
532 61 87
533 22 74
534 57 66
535 5 28
536 77 62
537 77 28
538 48 83
539 82 20
540 31 39
541 3 7
542 35 18
543 51 6
544 82 10
545 32 90
546 77 31
547 14 43
548 12 17
549 54 25
550 55 82
551 5 36
552 36 77
553 83 65
554 30 14
555 56 65
556 25 19
557 54 65
558 15 16
559 65 80
560 68 82
561 76 39
562 40 49
563 74 7
564 9 0
565 86 86
566 42 81
567 69 7
568 87 19
569 62 30
570 34 81
571 2 26
572 41 18
573 62 26
574 45 79
575 71 15
576 56 77
577 90 59
578 17 73
579 18 43
580 54 90
581 88 68
582 10 2
583 48 84
584 46 81
585 86 39
586 88 57
587 26 12
588 86 65
589 66 39
590 53 78
591 39 32
592 68 61
593 67 19
594 48 54
595 48 10
596 9 78
597 34 5
598 55 4
599 63 27
600 24 8
601 75 45
602 40 11
603 33 18
604 23 90
605 15 22
606 28 67
607 67 41
608 57 62
609 14 80
610 58 75
611 73 40
612 34 38
613 56 56
614 45 43
615 27 30
616 14 8
617 27 76
618 24 39
619 15 44
620 74 34
621 59 5
622 54 80
623 82 54
624 14 57
625 17 53
626 46 69
627 30 4
628 36 51
629 89 60
630 79 70
631 13 67
632 67 88
633 19 30
634 72 60
635 36 19
636 88 63
637 59 66
638 61 83
639 23 65
640 86 26
641 86 8
642 51 63
643 4 14
644 80 28
645 82 54
646 84 49
647 71 60
648 41 15
649 69 25
650 43 20
651 47 58
652 27 36
653 57 65
654 78 58
655 4 81
656 89 54
657 74 63
658 31 79
659 88 20
660 7 85
661 82 35
662 82 73
663 40 27
664 21 68
665 56 57
666 50 55
667 64 61
668 39 52
669 15 42
670 10 2
671 34 73
672 74 90
673 1 75
674 1 11
675 6 46
676 74 57
677 78 89
678 69 78
679 49 53
680 0 33
681 1 5
682 27 67
683 76 57
684 4 63
685 58 1
686 65 26
687 48 74
688 58 32
689 90 54
690 29 19
691 4 33
692 54 5
693 72 31
694 9 68
695 65 87
696 2 42
697 43 55
698 83 48
699 31 6
700 77 51
701 71 32
702 1 48
703 81 83
704 50 79
705 43 42
706 2 48
707 79 16
708 47 11
709 65 84
710 11 66
711 0 70
712 47 21
713 65 68
714 78 61
715 20 20
716 39 35
717 19 24
718 70 30
719 46 38
720 53 17
721 51 3
722 47 20
723 76 81
724 58 70
725 2 69
726 42 61
727 4 37
728 63 8
729 4 5
730 16 90
731 75 26
732 4 28
733 72 66
734 49 65
735 61 74
736 43 50
737 14 58
738 26 86
739 21 46
740 65 45
741 39 76
742 11 53
743 54 76
744 9 19
745 51 53
746 83 90
747 11 44
748 59 81
749 16 47
750 62 1
751 21 33
752 38 35
753 75 69
754 35 21
755 56 74
756 19 4
757 89 16
758 3 78
759 26 75
760 24 6
761 17 62
762 14 70
763 15 61
764 54 50
765 22 28
766 10 33
767 42 1
768 9 88
769 65 6
770 52 71
771 51 52
772 71 60
773 32 53
774 48 20
775 76 57
776 80 52
777 41 2
778 41 30
779 18 24
780 86 71
781 79 10
782 44 23
783 56 42
784 25 57
785 68 18
786 34 20
787 35 17
788 30 55
789 2 14
790 28 31
791 53 11
792 41 69
793 52 9
794 70 53
795 60 88
796 68 1
797 55 31
798 43 32
799 1 31
800 34 5
801 86 88
802 81 90
803 18 61
804 56 3
805 34 54
806 15 83
807 10 56
808 36 30
809 5 41
810 51 59
811 40 61
812 14 47
813 49 84
814 71 47
815 14 21
816 84 34
817 49 54
818 82 78
819 14 17
820 51 85
821 9 83
822 26 1
823 46 49
824 90 17
825 64 48
826 4 45
827 77 56
828 81 15
829 67 78
830 88 45
831 51 8
832 11 65
833 74 82
834 0 28
835 89 67
836 37 0
837 5 0
838 19 38
839 71 1
840 68 49
841 21 6
842 74 5
843 2 59
844 2 80
845 3 90
846 27 11
847 29 12
848 50 41
849 10 23
850 74 78
851 6 12
852 89 67
853 74 72
854 38 5
855 55 79
856 60 68
857 28 38
858 10 15
859 76 77
860 36 31
861 81 34
862 82 67
863 58 16
864 11 58
865 84 72
866 25 14
867 89 17
868 15 59
869 85 25
870 67 63
871 69 61
872 37 45
873 22 24
874 12 33
875 63 43
876 56 69
877 9 88
878 58 82
879 13 51
880 73 43
881 9 74
882 45 79
883 79 56
884 29 68
885 58 65
886 6 89
887 41 5
888 45 67
889 0 40
890 26 81
891 3 22
892 26 15
893 66 84
894 2 45
895 59 26
896 20 18
897 19 5
898 51 34
899 27 2
900 76 29
901 85 64
902 88 77
903 30 87
904 90 60
905 52 49
906 66 4
907 20 89
908 19 43
909 3 33
910 62 77
911 30 52
912 25 38
913 87 25
914 57 72
915 25 65
916 30 46
917 52 46
918 1 82
919 4 25
920 37 11
921 32 85
922 60 6
923 78 41
924 66 78
925 66 42
926 57 14
927 43 22
928 6 41
929 81 27
930 44 25
931 45 10
932 59 89
933 13 67
934 26 85
935 20 78
936 9 69
937 69 78
938 31 81
939 74 43
940 76 50
941 79 59
942 22 89
943 9 59
944 41 59
945 25 90
946 36 41
947 30 20
948 22 24
949 25 76
950 4 67
951 76 32
952 69 71
953 24 17
954 2 11
955 14 53
956 48 39
957 79 89
958 88 51
959 82 19
960 86 22
961 65 75
962 49 76
963 28 63
964 44 15
965 39 74
966 90 11
967 35 47
968 23 42
969 85 63
970 11 17
971 18 3
972 59 65
973 53 46
974 25 80
975 15 66
976 84 4
977 86 71
978 44 18
979 52 41
980 66 87
981 0 17
982 82 30
983 62 29
984 86 40
985 42 3
986 71 69
987 31 70
988 71 61
989 44 71
990 85 49
991 88 52
992 18 85
993 17 54
994 63 3
995 24 18
996 77 48
997 14 62
998 59 67
999 55 81
1000 48 21
1001 83 56
1002 22 25
1003 14 59
1004 71 19
1005 45 15
1006 9 18
1007 24 45
1008 61 40
1009 11 22
1010 46 15
1011 65 75
1012 78 82
1013 5 46
1014 28 15
1015 47 23
1016 16 18
1017 21 90
1018 14 45
1019 75 86
1020 83 23
1021 25 19
1022 12 32
1023 61 27
1024 42 51
1025 2 3
1026 10 20
1027 66 14
1028 89 0
1029 14 1
1030 0 50
1031 11 70
1032 42 37
1033 3 29
1034 41 53
1035 38 54
1036 88 37
1037 9 11
1038 78 18
1039 20 52
1040 16 59
1041 6 15
1042 25 23
1043 37 43
1044 68 37
1045 77 7
1046 35 16
1047 21 54
1048 14 74
1049 35 9
1050 26 82
1051 46 67
1052 8 17
1053 88 51
1054 19 72
1055 9 9
1056 79 31
1057 56 87
1058 83 76
1059 12 41
1060 22 46
1061 14 84
1062 79 31
1063 26 78
1064 83 0
1065 78 56
1066 53 27
1067 40 77
1068 44 10
1069 51 68
1070 61 73
1071 50 65
1072 83 53
1073 84 52
1074 87 18
1075 81 50
1076 39 33
1077 14 66
1078 8 12
1079 24 39
1080 15 82
1081 35 5
1082 11 12
1083 46 33
1084 5 17
1085 36 26
1086 78 72
1087 10 73
1088 75 47
1089 58 21
1090 79 44
1091 18 77
1092 7 27
1093 4 7
1094 38 85
1095 18 55
1096 31 47
1097 68 5
1098 81 63
1099 83 25
1100 23 25
1101 64 67
1102 28 17
1103 34 22
1104 78 19
1105 69 9
1106 76 5
1107 12 63
1108 33 23
1109 14 85
1110 25 6
1111 89 65
1112 72 12
1113 84 82
1114 38 44
1115 52 72
1116 39 42
1117 54 6
1118 76 81
1119 76 90
1120 55 71
1121 9 86
1122 86 80
1123 77 31
1124 67 61
1125 84 12
1126 45 50
1127 47 69
1128 43 61
1129 84 35
1130 85 30
1131 83 62
1132 80 43
1133 58 53
1134 83 90
1135 22 36
1136 43 22
1137 78 89
1138 29 2
1139 56 86
1140 5 20
1141 67 84
1142 15 82
1143 33 40
1144 26 32
1145 6 12
1146 80 23
1147 28 81
1148 70 58
1149 15 86
1150 52 51
1151 84 40
1152 25 39
1153 67 62
1154 78 28
1155 79 9
1156 13 78
1157 86 18
1158 42 1
1159 26 1
1160 20 44
1161 33 53
1162 59 33
1163 57 89
1164 70 10
1165 64 27
1166 68 60
1167 47 86
1168 30 2
1169 23 3
1170 78 58
1171 57 35
1172 49 42
1173 63 10
1174 79 8
1175 30 33
1176 53 41
1177 8 39
1178 62 69
1179 14 7
1180 90 60
1181 67 43
1182 50 1
1183 1 26
1184 0 46
1185 29 79
1186 72 26
1187 6 67
1188 44 0
1189 7 49
1190 33 90
1191 77 5
1192 41 33
1193 50 63
1194 41 11
1195 17 18
1196 80 39
1197 33 29
1198 39 18
1199 85 76
1200 7 79
1201 4 84
1202 36 18
1203 71 48
1204 31 33
1205 59 19
1206 20 84
1207 33 75
1208 73 33
1209 58 12
1210 52 64
1211 64 30
1212 85 24
1213 36 57
1214 14 86
1215 74 49
1216 54 3
1217 24 12
1218 72 72
1219 37 82
1220 21 16
1221 6 68
1222 69 44
1223 88 47
1224 22 13
1225 34 61
1226 0 39
1227 31 38
1228 41 11
1229 63 31
1230 4 55
1231 74 62
1232 72 77
1233 79 76
1234 39 49
1235 5 3
1236 12 77
1237 78 59
1238 41 0
1239 9 17
1240 86 82
1241 57 22
1242 90 89
1243 54 70
1244 71 51
1245 69 21
1246 63 23
1247 33 65
1248 76 50
1249 51 43
1250 76 54
1251 13 82
1252 69 19
1253 15 71
1254 9 25
1255 90 7
1256 64 10
1257 53 25
1258 71 11
1259 64 53
1260 57 25
1261 69 63
1262 83 57
1263 30 44
1264 47 75
1265 39 66
1266 16 44
1267 59 89
1268 66 63
1269 15 36
1270 83 33
1271 66 31
1272 39 37
1273 66 36
1274 69 7
1275 68 35
1276 20 66
1277 69 47
1278 29 20
1279 69 10
1280 80 30
1281 77 0
1282 43 18
1283 48 44
1284 59 23
1285 7 46
1286 89 81
1287 0 21
1288 65 8
1289 87 25
1290 65 69
1291 52 74
1292 53 8
1293 58 72
1294 49 51
1295 41 81
1296 65 77
1297 35 63
1298 59 43
1299 36 17
1300 34 67
1301 33 75
1302 26 31
1303 16 34
1304 12 85
1305 27 74
1306 71 43
1307 55 8
1308 39 32
1309 86 77
1310 69 54
1311 66 6
1312 82 45
1313 2 47
1314 69 50
1315 8 89
1316 57 46
1317 12 86
1318 39 64
1319 17 31
1320 13 86
1321 21 71
1322 38 35
1323 31 25
1324 67 1
1325 30 77
1326 38 4
1327 78 2
1328 18 11
1329 86 2
1330 3 85
1331 9 3
1332 17 70
1333 44 80
1334 51 10
1335 29 7
1336 64 61
1337 6 33
1338 32 35
1339 26 47
1340 10 38
1341 31 44
1342 24 81
1343 14 40
1344 28 88
1345 88 51
1346 15 41
1347 15 72
1348 71 67
1349 42 52
1350 54 37
1351 70 27
1352 44 7
1353 0 17
1354 28 65
1355 63 4
1356 20 84
1357 12 5
1358 84 0
1359 7 80
1360 26 38
1361 74 5
1362 55 9
1363 29 13
1364 24 14
1365 53 17
1366 38 34
1367 76 47
1368 13 34
1369 67 18
1370 22 47
1371 64 30
1372 69 90
1373 75 52
1374 79 81
1375 83 10
1376 3 83
1377 54 90
1378 49 73
1379 61 62
1380 74 58
1381 48 44
1382 74 0
1383 89 85
1384 80 19
1385 87 21
1386 56 17
1387 85 8
1388 60 66
1389 76 39
1390 73 24
1391 18 2
1392 8 48
1393 72 48
1394 19 50
1395 31 36
1396 14 25
1397 54 82
1398 21 38
1399 28 70
1400 3 58
1401 1 82
1402 89 15
1403 74 71
1404 74 52
1405 63 40
1406 35 34
1407 14 51
1408 9 36
1409 28 4
1410 64 63
1411 74 41
1412 8 17
1413 17 9
1414 43 41
1415 7 41
1416 26 74
1417 38 45
1418 3 23
1419 33 67
1420 47 64
1421 41 73
1422 75 89
1423 29 7
1424 81 72
1425 37 22
1426 88 61
1427 31 5
1428 29 27
1429 38 65
1430 79 38
1431 70 1
1432 28 61
1433 70 47
1434 40 87
1435 50 22
1436 82 50
1437 42 85
1438 72 0
1439 75 36
1440 83 71
1441 17 3
1442 18 36
1443 56 56
1444 60 33
1445 37 40
1446 42 33
1447 61 78
1448 52 90
1449 79 37
1450 27 31
1451 42 56
1452 65 22
1453 82 43
1454 28 11
1455 87 78
1456 63 69
1457 28 21
1458 45 30
1459 16 7
1460 89 11
1461 76 41
1462 4 63
1463 33 85
1464 60 74
1465 66 21
1466 42 31
1467 51 41
1468 0 64
1469 57 57
1470 87 15
1471 40 55
1472 75 75
1473 3 41
1474 45 14
1475 63 63
1476 77 27
1477 30 47
1478 8 24
1479 14 9
1480 77 24
1481 31 37
1482 69 13
1483 63 79
1484 89 68
1485 14 36
1486 10 52
1487 32 4
1488 22 41
1489 51 52
1490 20 58
1491 44 83
1492 30 56
1493 15 10
1494 78 50
1495 35 83
1496 68 4
1497 29 5
1498 64 3
1499 87 62
1500 78 68
1501 3 57
1502 83 65
1503 6 21
1504 52 67
1505 5 11
1506 19 18
1507 45 90
1508 50 27
1509 27 22
1510 55 12
1511 29 71
1512 36 63
1513 71 21
1514 13 88
1515 75 28
1516 58 88
1517 58 21
1518 54 58
1519 52 76
1520 11 47
1521 6 25
1522 44 3
1523 72 58
1524 34 69
1525 30 48
1526 25 25
1527 60 22
1528 24 43
1529 29 82
1530 23 32
1531 1 17
1532 72 31
1533 6 82
1534 37 54
1535 88 68
1536 50 47
1537 15 43
1538 71 48
1539 24 76
1540 8 56
1541 4 40
1542 10 36
1543 66 63
1544 61 81
1545 58 42
1546 76 64
1547 47 27
1548 63 3
1549 69 82
1550 23 18
1551 30 70
1552 54 30
1553 45 90
1554 2 10
1555 42 27
1556 78 36
1557 2 89
1558 40 54
1559 80 10
1560 76 76
1561 27 6
1562 12 61
1563 12 14
1564 86 6
1565 18 57
1566 78 40
1567 25 33
1568 68 83
1569 22 78
1570 41 53
1571 84 84
1572 41 80
1573 59 10
1574 20 30
1575 0 79
1576 63 69
1577 22 51
1578 80 46
1579 51 59
1580 3 44
1581 84 61
1582 1 48
1583 33 15
1584 3 56
1585 10 51
1586 57 30
1587 71 45
1588 67 90
1589 51 56
1590 84 0
1591 23 21
1592 68 19
1593 36 20
1594 5 28
1595 74 2
1596 9 51
1597 60 21
1598 71 21
1599 29 70
1600 35 37
1601 20 82
1602 50 1
1603 52 77
1604 2 33
1605 40 31
1606 86 69
1607 42 60
1608 34 71
1609 14 38
1610 62 8
1611 39 85
1612 15 55
1613 68 10
1614 37 24
1615 0 3
1616 28 43
1617 55 19
1618 74 48
1619 22 46
1620 74 80
1621 47 50
1622 28 6
1623 26 29
1624 7 10
1625 33 84
1626 74 65
1627 52 46
1628 82 8
1629 29 41
1630 3 41
1631 76 82
1632 55 90
1633 9 9
1634 46 10
1635 36 56
1636 81 19
1637 25 25
1638 40 65
1639 21 6
1640 27 43
1641 47 63
1642 33 42
1643 69 2
1644 23 14
1645 14 66
1646 4 32
1647 10 84
1648 82 0
1649 60 65
1650 12 41
1651 21 66
1652 64 17
1653 69 61
1654 59 20
1655 20 40
1656 81 87
1657 1 54
1658 20 62
1659 38 67
1660 13 63
1661 19 52
1662 77 40
1663 26 48
1664 31 49
1665 69 58
1666 36 79
1667 50 60
1668 14 0
1669 50 66
1670 3 44
1671 36 22
1672 77 33
1673 89 56
1674 1 32
1675 60 20
1676 79 30
1677 30 29
1678 13 34
1679 70 86
1680 49 40
1681 64 30
1682 68 15
1683 87 80
1684 39 65
1685 60 20
1686 8 2
1687 32 17
1688 54 20
1689 21 34
1690 33 90
1691 59 71
1692 90 78
1693 8 88
1694 3 82
1695 49 36
1696 22 38
1697 25 20
1698 72 3
1699 90 0
1700 23 86
1701 1 32
1702 15 16
1703 10 32
1704 21 79
1705 81 47
1706 73 20
1707 34 67
1708 16 85
1709 26 1
1710 17 14
1711 70 71
1712 48 41
1713 73 49
1714 13 27
1715 55 55
1716 88 71
1717 69 24
1718 11 33
1719 32 12
1720 87 47
1721 86 76
1722 82 66
1723 12 44
1724 3 25
1725 89 32
1726 0 56
1727 19 71
1728 89 4
1729 65 7
1730 39 76
1731 30 22
1732 80 56
1733 55 5
1734 11 24
1735 0 66
1736 28 82
1737 19 31
1738 67 39
1739 88 56
1740 58 41
1741 82 88
1742 89 12
1743 13 36
1744 5 30
1745 86 40
1746 90 85
1747 37 52
1748 31 16
1749 58 9
1750 88 15
1751 39 77
1752 7 35
1753 67 20
1754 20 3
1755 76 86
1756 73 36
1757 3 29
1758 33 46
1759 84 8
1760 6 64
1761 83 28
1762 6 15
1763 2 33
1764 58 3
1765 20 58
1766 62 73
1767 62 45
1768 57 74
1769 53 60
1770 37 25
1771 59 11
1772 16 2
1773 85 0
1774 66 38
1775 64 15
1776 29 23
1777 2 85
1778 72 69
1779 4 27
1780 82 68
1781 40 57
1782 34 74
1783 33 56
1784 27 65
1785 70 64
1786 4 85
1787 16 43
1788 89 8
1789 38 63
1790 52 63
1791 61 88
1792 67 22
1793 23 62
1794 23 81
1795 64 22
1796 28 24
1797 59 59
1798 63 23
1799 80 65
1800 3 64
1801 9 26
1802 70 14
1803 16 6
1804 34 90
1805 25 2
1806 11 10
1807 12 46
1808 46 5
1809 67 67
1810 67 2
1811 16 20
1812 66 56
1813 17 3
1814 47 9
1815 82 1
1816 88 38
1817 33 50
1818 77 0
1819 26 30
1820 17 19
1821 12 71
1822 37 86
1823 28 21
1824 90 31
1825 0 76
1826 62 28
1827 75 2
1828 15 88
1829 68 15
1830 37 77
1831 8 6
1832 21 79
1833 53 27
1834 61 52
1835 80 56
1836 9 13
1837 5 39
1838 13 81
1839 40 32
1840 8 57
1841 85 83
1842 75 79
1843 73 86
1844 69 57
1845 53 35
1846 31 23
1847 70 33
1848 52 43
1849 40 25
1850 39 84
1851 4 52
1852 27 7
1853 89 12
1854 3 25
1855 31 51
1856 48 23
1857 48 42
1858 73 5
1859 37 65
1860 24 38
1861 33 42
1862 86 47
1863 70 30
1864 58 39
1865 60 33
1866 16 47
1867 60 12
1868 38 32
1869 81 41
1870 68 10
1871 11 59
1872 54 58
1873 68 31
1874 44 50
1875 18 85
1876 38 52
1877 26 48
1878 61 19
1879 0 49
1880 5 41
1881 67 65
1882 13 65
1883 89 85
1884 31 88
1885 38 42
1886 65 76
1887 63 68
1888 88 23
1889 64 77
1890 31 79
1891 1 25
1892 10 28
1893 42 52
1894 63 4
1895 34 59
1896 77 30
1897 47 20
1898 69 63
1899 30 48
1900 50 58
1901 23 37
1902 32 38
1903 7 55
1904 80 0
1905 55 56
1906 30 63
1907 53 4
1908 55 69
1909 38 3
1910 13 52
1911 54 74
1912 74 41
1913 24 15
1914 18 55
1915 68 43
1916 16 84
1917 19 11
1918 68 10
1919 12 28
1920 73 22
1921 43 90
1922 6 82
1923 65 39
1924 17 48
1925 22 65
1926 89 34
1927 43 43
1928 34 73
1929 53 20
1930 46 32
1931 48 41
1932 25 34
1933 27 83
1934 78 10
1935 2 25
1936 33 61
1937 85 74
1938 76 75
1939 34 89
1940 28 43
1941 14 36
1942 43 17
1943 80 70
1944 1 54
1945 24 14
1946 27 85
1947 70 86
1948 8 77
1949 39 47
1950 11 86
1951 9 39
1952 9 10
1953 10 5
1954 22 40
1955 36 27
1956 1 59
1957 40 69
1958 22 89
1959 60 54
1960 27 58
1961 79 44
1962 64 54
1963 40 70
1964 2 4
1965 19 52
1966 77 66
1967 84 63
1968 23 84
1969 56 78
1970 86 4
1971 67 79
1972 6 11
1973 13 50
1974 62 68
1975 88 16
1976 71 62
1977 60 20
1978 43 80
1979 18 81
1980 20 11
1981 4 42
1982 40 84
1983 72 3
1984 62 9
1985 1 43
1986 12 69
1987 48 49
1988 42 45
1989 25 26
1990 19 60
1991 29 78
1992 54 12
1993 22 86
1994 26 44
1995 24 62
1996 26 15
1997 60 5
1998 44 29
1999 86 37
2000 82 21
2001 83 58
2002 7 64
2003 28 60
2004 52 62
2005 63 73
2006 42 56
2007 68 89
2008 74 47
2009 39 24
2010 1 25
2011 53 2
2012 44 4
2013 71 49
2014 32 75
2015 60 88
2016 32 8
2017 60 82
2018 27 12
2019 22 72
2020 41 81
2021 70 73
2022 35 46
2023 6 67
2024 58 5
2025 54 22
2026 50 55
2027 70 56
2028 74 83
2029 66 56
2030 11 86
2031 70 73
2032 41 67
2033 38 9
2034 68 67
2035 79 70
2036 69 58
2037 65 50
2038 21 68
2039 8 75
2040 14 17
2041 20 33
2042 74 47
2043 73 38
2044 64 26
2045 32 24
2046 67 23
2047 75 67
2048 43 63
2049 90 90
2050 55 58
2051 86 48
2052 73 73
2053 69 89
2054 58 60
2055 66 10
2056 86 39
2057 1 71
2058 56 71
2059 10 0
2060 58 0
2061 81 15
2062 35 24
2063 65 26
2064 5 23
2065 72 50
2066 19 25
2067 51 44
2068 26 27
2069 82 85
2070 68 46
2071 50 57
2072 87 30
2073 55 86
2074 73 48
2075 65 23
2076 54 36
2077 2 9
2078 6 37
2079 56 37
2080 6 69
2081 54 69
2082 36 55
2083 56 57
2084 71 6
2085 33 0
2086 83 61
2087 52 60
2088 15 59
2089 74 35
2090 1 31
2091 25 10
2092 63 49
2093 15 58
2094 70 78
2095 55 52
2096 85 45
2097 55 4
2098 62 45
2099 70 54
2100 73 71
2101 3 62
2102 66 69
2103 82 48
2104 33 20
2105 75 28
2106 55 28
2107 22 9
2108 70 27
2109 26 66
2110 20 38
2111 50 86
2112 33 23
2113 51 14
2114 87 13
2115 51 3
2116 46 62
2117 24 46
2118 12 4
2119 6 28
2120 14 38
2121 4 57
2122 80 44
2123 76 58
2124 9 18
2125 25 24
2126 41 4
2127 3 16
2128 0 53
2129 41 38
2130 43 28
2131 58 1
2132 6 47
2133 39 44
2134 41 3
2135 68 3
2136 65 73
2137 41 47
2138 36 37
2139 3 14
2140 86 60
2141 8 42
2142 82 35
2143 20 41
2144 81 69
2145 40 35
2146 14 59
2147 53 61
2148 33 53
2149 57 35
2150 73 64
2151 69 71
2152 77 84
2153 64 49
2154 29 44
2155 55 61
2156 21 81
2157 4 88
2158 79 5
2159 62 13
2160 25 38
2161 7 51
2162 25 90
2163 15 3
2164 22 43
2165 73 63
2166 8 81
2167 85 35
2168 52 70
2169 48 26
2170 24 46
2171 2 45
2172 28 26
2173 63 1
2174 35 19
2175 77 46
2176 43 35
2177 46 89
2178 75 58
2179 68 4
2180 72 65
2181 60 36
2182 66 64
2183 66 35
2184 10 40
2185 61 71
2186 63 65
2187 42 60
2188 63 55
2189 23 16
2190 31 37
2191 61 69
2192 43 80
2193 36 14
2194 48 28
2195 60 8
2196 64 88
2197 20 25
2198 14 24
2199 63 35
2200 66 90
2201 73 41
2202 17 77
2203 74 87
2204 74 75
2205 26 52
2206 8 13
2207 51 48
2208 83 75
2209 77 11
2210 57 48
2211 31 76
2212 46 77
2213 26 75
2214 49 66
2215 5 9
2216 14 71
2217 45 0
2218 3 50
2219 51 34
2220 24 84
2221 42 60
2222 57 9
2223 79 54
2224 81 22
2225 74 60
2226 69 16
2227 64 12
2228 18 4
2229 82 20
2230 65 70
2231 1 35
2232 1 77
2233 15 75
2234 83 13
2235 45 34
2236 31 30
2237 80 56
2238 63 72
2239 39 46
2240 21 68
2241 51 22
2242 70 1
2243 7 76
2244 0 40
2245 32 85
2246 82 75
2247 64 49
2248 61 20
2249 78 1
2250 38 29
2251 5 66
2252 43 46
2253 23 80
2254 85 58
2255 65 78
2256 11 50
2257 44 1
2258 26 34
2259 50 66
2260 83 56
2261 38 1
2262 87 22
2263 21 10
2264 24 7
2265 25 35
2266 88 71
2267 35 1
2268 81 71
2269 72 44
2270 81 85
2271 58 5
2272 3 44
2273 40 13
2274 15 65
2275 11 81
2276 11 54
2277 69 54
2278 28 59
2279 32 80
2280 67 86
2281 48 6
2282 85 25
2283 31 55
2284 41 8
2285 55 23
2286 47 9
2287 10 59
2288 83 40
2289 41 64
2290 53 33
2291 85 15
2292 14 27
2293 69 2
2294 30 16
2295 25 79
2296 33 51
2297 21 26
2298 7 45
2299 86 4
2300 62 87
2301 69 75
2302 58 41
2303 69 12
2304 11 66
2305 36 39
2306 32 28
2307 67 29
2308 61 55
2309 77 11
2310 32 36
2311 35 22
2312 85 48
2313 87 57
2314 79 34
2315 3 1
2316 62 86
2317 83 64
2318 82 5
2319 28 70
2320 7 24
2321 26 49
2322 2 23
2323 23 4
2324 63 32
2325 36 61
2326 67 21
2327 68 27
2328 73 5
2329 35 22
2330 67 65
2331 75 9
2332 38 3
2333 12 70
2334 59 33
2335 15 1
2336 46 79
2337 80 38
2338 19 53
2339 27 84
2340 86 1
2341 28 21
2342 13 67
2343 55 19
2344 72 19
2345 21 75
2346 47 48
2347 10 51
2348 46 81
2349 48 64
2350 53 69
2351 49 34
2352 56 17
2353 85 0
2354 64 54
2355 59 19
2356 2 71
2357 90 86
2358 30 55
2359 23 67
2360 51 25
2361 56 4
2362 34 41
2363 29 14
2364 57 88
2365 36 32
2366 36 37
2367 31 0
2368 90 25
2369 23 63
2370 47 0
2371 18 74
2372 87 19
2373 45 74
2374 27 78
2375 49 79
2376 0 27
2377 76 14
2378 35 88
2379 21 45
2380 39 61
2381 47 9
2382 41 4
2383 1 14
2384 24 29
2385 86 69
2386 28 16
2387 68 42
2388 79 24
2389 85 47
2390 9 82
2391 16 62
2392 51 64
2393 4 22
2394 24 55
2395 45 0
2396 4 75
2397 79 54
2398 33 81
2399 24 8
2400 26 64
2401 5 67
2402 77 28
2403 73 17
2404 52 54
2405 66 88
2406 58 25
2407 68 89
2408 13 79
2409 28 32
2410 57 29
2411 40 9
2412 34 57
2413 87 74
2414 62 64
2415 63 73
2416 59 32
2417 55 73
2418 76 89
2419 76 31
2420 27 34
2421 2 83
2422 87 55
2423 27 34
2424 12 39
2425 72 2
2426 78 21
2427 86 19
2428 2 87
2429 21 23
2430 40 70
2431 8 17
2432 7 27
2433 45 50
2434 73 3
2435 78 19
2436 44 53
2437 19 84
2438 60 46
2439 58 64
2440 25 72
2441 49 72
2442 29 14
2443 6 53
2444 47 85
2445 50 35
2446 78 3
2447 65 51
2448 38 1
2449 38 27
2450 87 0
2451 60 54
2452 43 54
2453 5 42
2454 72 22
2455 52 62
2456 45 81
2457 43 2
2458 38 37
2459 81 45
2460 23 60
2461 34 71
2462 47 69
2463 10 32
2464 58 64
2465 25 37
2466 82 65
2467 64 60
2468 23 5
2469 77 69
2470 3 80
2471 54 25
2472 50 2
2473 85 23
2474 29 79
2475 60 26
2476 86 57
2477 65 57
2478 76 28
2479 22 12
2480 41 84
2481 55 63
2482 55 37
2483 30 53
2484 66 77
2485 63 61
2486 65 22
2487 41 13
2488 55 78
2489 70 14
2490 30 71
2491 82 47
2492 29 26
2493 0 45
2494 30 14
2495 54 52
2496 19 86
2497 33 13
2498 30 30
2499 57 17
2500 22 41
2501 66 25
2502 85 45
2503 26 8
2504 19 68
2505 24 38
2506 44 20
2507 32 68
2508 81 90
2509 6 65
2510 46 42
2511 7 69
2512 72 46
2513 82 49
2514 37 12
2515 29 70
2516 37 54
2517 4 18
2518 60 9
2519 48 15
2520 74 87
2521 88 13
2522 19 38
2523 42 79
2524 21 79
2525 54 67
2526 41 85
2527 6 85
2528 21 36
2529 26 47
2530 18 24
2531 41 84
2532 57 34
2533 1 33
2534 6 71
2535 69 5
2536 85 49
2537 83 57
2538 80 5
2539 40 39
2540 26 86
2541 33 1
2542 69 36
2543 70 49
2544 36 2
2545 25 74
2546 84 55
2547 66 12
2548 33 76
2549 88 76
2550 16 19
2551 1 59
2552 13 51
2553 54 28
2554 54 47
2555 66 83
2556 85 57
2557 19 1
2558 77 7
2559 45 3
2560 25 80
2561 25 11
2562 24 83
2563 76 51
2564 53 72
2565 33 56
2566 49 8
2567 66 63
2568 38 14
2569 89 21
2570 52 21
2571 19 9
2572 0 74
2573 72 77
2574 74 77
2575 81 45
2576 36 6
2577 72 64
2578 1 48
2579 70 79
2580 48 19
2581 24 65
2582 63 42
2583 76 72
2584 76 42
2585 8 65
2586 45 9
2587 9 88
2588 24 31
2589 28 79
2590 27 76
2591 23 36
2592 21 11
2593 88 9
2594 87 61
2595 8 46
2596 8 61
2597 1 17
2598 0 88
2599 32 75
2600 67 67
2601 43 67
2602 26 21
2603 31 70
2604 68 38
2605 23 51
2606 80 30
2607 80 71
2608 42 65
2609 26 50
2610 87 32
2611 69 60
2612 22 2
2613 2 52
2614 38 61
2615 18 21
2616 17 39
2617 15 24
2618 60 82
2619 80 82
2620 71 69
2621 89 21
2622 18 22
2623 53 39
2624 55 67
2625 42 8
2626 26 1
2627 69 30
2628 13 21
2629 89 47
2630 18 9
2631 71 69
2632 25 5
2633 31 77
2634 5 37
2635 47 46
2636 16 62
2637 72 39
2638 10 70
2639 69 62
2640 34 16
2641 37 46
2642 35 6
2643 74 30
2644 6 29
2645 9 31
2646 28 24
2647 24 12
2648 85 29
2649 9 56
2650 33 1
2651 17 13
2652 50 90
2653 56 74
2654 82 84
2655 39 18
2656 20 40
2657 50 55
2658 21 74
2659 80 41
2660 6 50
2661 73 42
2662 26 35
2663 39 23
2664 82 80
2665 56 45
2666 1 17
2667 24 12
2668 30 51
2669 66 63
2670 48 44
2671 9 1
2672 56 63
2673 17 46
2674 73 10
2675 76 35
2676 45 40
2677 2 67
2678 20 64
2679 79 12
2680 21 88
2681 68 30
2682 87 37
2683 47 23
2684 62 0
2685 39 86
2686 52 23
2687 54 41
2688 16 15
2689 78 10
2690 75 87
2691 25 40
2692 46 40
2693 8 46
2694 21 15
2695 57 89
2696 57 40
2697 82 69
2698 59 53
2699 37 75
2700 37 11
2701 46 34
2702 66 2
2703 37 49
2704 51 36
2705 40 38
2706 11 18
2707 62 53
2708 76 13
2709 24 2
2710 86 13
2711 75 71
2712 39 41
2713 15 55
2714 82 49
2715 67 14
2716 67 26
2717 5 43
2718 81 17
2719 60 50
2720 55 61
2721 64 44
2722 43 87
2723 66 34
2724 90 40
2725 65 1
2726 81 34
2727 0 3
2728 74 49
2729 42 45
2730 36 45
2731 11 71
2732 5 21
2733 38 24
2734 1 88
2735 38 87
2736 39 87
2737 40 49
2738 18 55
2739 68 82
2740 53 30
2741 73 63
2742 59 12
2743 45 47
2744 41 48
2745 66 75
2746 52 39
2747 25 44
2748 24 79
2749 6 77
2750 81 50
2751 14 37
2752 82 29
2753 0 82
2754 62 51
2755 13 57
2756 30 28
2757 85 61
2758 84 38
2759 52 19
2760 9 5
2761 80 2
2762 35 63
2763 12 89
2764 84 56
2765 88 16
2766 73 69
2767 48 64
2768 48 81
2769 20 62
2770 24 34
2771 78 76
2772 70 29
2773 32 85
2774 63 12
2775 53 58
2776 88 40
2777 21 15
2778 19 9
2779 56 31
2780 51 85
2781 28 88
2782 14 21
2783 68 1
2784 38 55
2785 56 14
2786 46 46
2787 13 32
2788 50 49
2789 6 38
2790 53 18
2791 27 24
2792 75 1
2793 9 40
2794 42 60
2795 60 16
2796 21 13
2797 38 53
2798 29 10
2799 37 5
2800 62 61
2801 44 82
2802 56 52
2803 74 20
2804 9 22
2805 64 41
2806 56 43
2807 87 13
2808 73 55
2809 18 83
2810 66 56
2811 75 62
2812 82 83
2813 24 48
2814 39 88
2815 37 60
2816 36 62
2817 68 57
2818 24 75
2819 33 17
2820 15 0
2821 65 15
2822 4 52
2823 80 49
2824 39 26
2825 86 88
2826 64 21
2827 82 47
2828 45 6
2829 37 24
2830 43 18
2831 32 35
2832 36 63
2833 80 81
2834 67 38
2835 84 24
2836 4 58
2837 33 76
2838 90 81
2839 11 71
2840 27 46
2841 66 79
2842 11 8
2843 31 36
2844 25 24
2845 18 55
2846 22 58
2847 69 36
2848 50 29
2849 10 15
2850 50 19
2851 26 11
2852 75 55
2853 90 11
2854 90 62
2855 67 15
2856 21 27
2857 23 84
2858 52 33
2859 46 46
2860 7 9
2861 57 50
2862 85 55
2863 67 22
2864 87 6
2865 33 63
2866 55 51
2867 22 22
2868 13 81
2869 62 20
2870 15 11
2871 38 56
2872 11 49
2873 28 29
2874 19 87
2875 10 7
2876 15 46
2877 52 38
2878 21 41
2879 49 22
2880 14 32
2881 0 19
2882 73 16
2883 48 23
2884 53 45
2885 43 43
2886 74 36
2887 71 61
2888 60 38
2889 47 32
2890 30 64
2891 60 11
2892 5 48
2893 4 25
2894 68 37
2895 46 72
2896 3 17
2897 26 33
2898 64 89
2899 68 22
2900 66 26
2901 35 14
2902 52 82
2903 7 37
2904 54 39
2905 17 13
2906 29 53
2907 38 54
2908 5 13
2909 3 79
2910 24 76
2911 72 11
2912 22 8
2913 25 80
2914 58 87
2915 65 31
2916 67 34
2917 54 60
2918 66 31
2919 74 75
2920 64 5
2921 70 52
2922 65 16
2923 40 14
2924 56 10
2925 14 18
2926 88 48
2927 34 26
2928 59 15
2929 56 42
2930 70 85
2931 53 48
2932 36 89
2933 29 44
2934 89 66
2935 52 39
2936 49 20
2937 14 81
2938 70 43
2939 49 44
2940 44 19
2941 70 61
2942 5 58
2943 31 84
2944 84 75
2945 75 81
2946 84 73
2947 9 55
2948 65 9
2949 2 43
2950 89 4
2951 78 9
2952 73 37
2953 29 31
2954 51 67
2955 57 15
2956 75 39
2957 69 28
2958 7 4
2959 13 66
2960 54 46
2961 63 15
2962 21 55
2963 45 4
2964 4 61
2965 14 26
2966 42 12
2967 17 86
2968 49 64
2969 34 20
2970 56 66
2971 68 54
2972 37 85
2973 16 83
2974 24 29
2975 50 62
2976 89 73
2977 23 16
2978 38 51
2979 79 61
2980 23 51
2981 11 59
2982 5 1
2983 5 62
2984 64 33
2985 75 17
2986 80 13
2987 37 20
2988 79 72
2989 23 31
2990 18 44
2991 12 54
2992 46 12
2993 62 8
2994 34 58
2995 79 67
2996 77 55
2997 18 65
2998 68 67
2999 82 14
