0 84 51
1 42 37
2 15 39
3 0 14
4 66 48
5 85 22
6 12 14
7 54 89
8 28 11
9 85 41
10 74 25
11 68 2
12 21 13
13 78 25
14 56 66
15 53 5
16 67 11
17 15 68
18 6 14
19 17 27
20 8 31
21 79 4
22 20 57
23 50 81
24 15 69
25 48 55
26 3 2
27 44 7
28 1 26
29 27 82
30 60 68
31 69 67
32 59 84
33 22 11
34 42 8
35 66 44
36 68 16
37 2 61
38 13 87
39 84 57
40 34 31
41 74 40
42 85 30
43 37 85
44 35 14
45 59 77
46 18 77
47 84 72
48 42 38
49 12 19
50 17 25
51 88 58
52 40 1
53 83 25
54 67 88
55 41 20
56 12 9
57 82 56
58 25 72
59 54 55
60 59 30
61 9 74
62 66 0
63 8 17
64 56 13
65 44 78
66 47 40
67 71 27
68 11 85
69 88 44
70 20 43
71 56 90
72 38 73
73 36 76
74 81 21
75 84 18
76 39 77
77 57 62
78 20 83
79 58 8
80 70 16
81 77 85
82 45 71
83 14 50
84 9 62
85 33 46
86 73 83
87 21 61
88 50 52
89 8 35
90 34 26
91 47 59
92 49 52
93 11 58
94 82 0
95 30 59
96 63 0
97 46 9
98 47 29
99 20 51
100 80 34
101 29 19
102 72 54
103 77 11
104 47 50
105 20 56
106 61 66
107 45 35
108 51 12
109 62 55
110 26 41
111 0 79
112 67 32
113 32 2
114 63 29
115 31 86
116 58 33
117 71 24
118 75 82
119 56 83
120 17 8
121 31 77
122 74 45
123 68 14
124 32 89
125 62 27
126 40 63
127 62 31
128 63 90
129 2 36
130 34 39
131 1 15
132 72 27
133 50 18
134 62 59
135 11 72
136 6 54
137 84 13
138 78 50
139 27 25
140 45 66
141 47 39
142 44 51
143 78 6
144 51 36
145 52 56
146 54 85
147 9 25
148 53 2
149 78 50
150 90 10
151 25 6
152 77 17
153 50 50
154 89 1
155 69 74
156 40 85
157 74 26
158 36 39
159 16 68
160 60 41
161 36 48
162 38 23
163 17 44
164 13 61
165 90 39
166 43 43
167 79 21
168 22 17
169 27 1
170 24 28
171 33 67
172 10 7
173 59 46
174 79 40
175 18 74
176 12 28
177 87 68
178 10 36
179 17 38
180 44 74
181 53 12
182 48 53
183 74 0
184 6 19
185 59 39
186 11 85
187 59 22
188 25 16
189 54 81
190 20 69
191 31 28
192 22 33
193 64 78
194 50 32
195 84 42
196 23 7
197 79 56
198 23 14
199 81 27
200 44 72
201 86 44
202 54 62
203 66 21
204 74 35
205 50 33
206 26 8
207 64 54
208 37 26
209 18 42
210 71 71
211 44 38
212 86 79
213 43 19
214 53 31
215 54 59
216 84 11
217 65 81
218 16 44
219 71 67
220 77 74
221 44 68
222 54 33
223 21 8
224 20 11
225 35 6
226 50 58
227 57 51
228 73 1
229 34 50
230 80 30
231 5 73
232 61 42
233 54 3
234 42 48
235 8 58
236 52 66
237 42 85
238 18 74
239 68 88
240 28 87
241 30 39
242 61 55
243 57 11
244 30 70
245 85 16
246 1 48
247 5 7
248 47 24
249 62 52
250 25 30
251 88 58
252 82 57
253 18 22
254 38 52
255 82 77
256 66 12
257 90 90
258 39 12
259 21 56
260 70 18
261 44 28
262 25 74
263 72 55
264 13 19
265 9 1
266 17 11
267 68 17
268 28 88
269 72 51
270 27 8
271 72 16
272 75 2
273 54 58
274 71 18
275 10 4
276 18 48
277 4 76
278 87 40
279 39 9
280 52 8
281 28 68
282 13 29
283 74 85
284 65 61
285 68 32
286 1 33
287 81 58
288 69 19
289 43 21
290 45 25
291 67 41
292 63 45
293 43 33
294 52 81
295 62 56
296 38 10
297 15 87
298 13 70
299 55 47
300 41 35
301 43 15
302 16 77
303 1 87
304 71 41
305 36 31
306 21 77
307 74 48
308 80 73
309 59 24
310 15 16
311 72 7
312 90 66
313 72 36
314 84 57
315 61 61
316 77 23
317 30 9
318 58 29
319 57 12
320 9 39
321 78 3
322 20 33
323 52 86
324 26 15
325 84 13
326 48 13
327 50 39
328 50 25
329 10 82
330 28 1
331 78 26
332 70 19
333 23 49
334 16 2
335 55 35
336 50 28
337 64 57
338 62 8
339 12 6
340 20 6
341 56 33
342 0 11
343 34 57
344 67 23
345 61 83
346 63 11
347 1 65
348 54 44
349 46 36
350 61 54
351 26 42
352 11 61
353 17 21
354 58 50
355 34 31
356 63 86
357 40 75
358 70 55
359 89 80
360 6 68
361 1 24
362 47 5
363 33 48
364 25 89
365 63 31
366 24 13
367 3 62
368 30 11
369 0 13
370 54 86
371 67 70
372 38 37
373 30 44
374 66 65
375 43 70
376 68 59
377 42 68
378 53 61
379 78 16
380 80 62
381 70 50
382 78 39
383 33 6
384 31 45
385 23 9
386 20 53
387 44 53
388 56 89
389 53 46
390 79 32
391 58 84
392 17 4
393 69 23
394 77 48
395 42 25
396 78 42
397 65 85
398 41 67
399 51 63
400 90 44
401 39 47
402 68 45
403 77 23
404 25 77
405 31 0
406 77 5
407 18 16
408 71 71
409 68 69
410 21 51
411 82 82
412 43 75
413 85 71
414 59 58
415 34 86
416 31 87
417 67 33
418 69 83
419 12 63
420 0 0
421 64 49
422 48 61
423 50 27
424 6 67
425 17 5
426 55 28
427 64 18
428 61 0
429 38 42
430 50 71
431 34 26
432 51 71
433 2 42
434 35 60
435 18 58
436 9 36
437 33 87
438 54 6
439 21 44
440 78 29
441 90 83
442 16 38
443 72 53
444 61 36
445 24 22
446 76 70
447 43 43
448 51 35
449 67 63
450 19 80
451 19 72
452 72 75
453 3 0
454 51 28
455 10 61
456 18 77
457 29 16
458 0 34
459 32 78
460 67 28
461 43 52
462 40 44
463 18 73
464 45 41
465 39 57
466 32 52
467 43 9
468 86 19
469 1 37
470 14 72
471 35 13
472 84 25
473 63 57
474 62 82
475 71 53
476 53 75
477 30 7
478 36 3
479 72 31
480 39 35
481 11 27
482 56 56
483 61 10
484 82 88
485 54 26
486 27 25
487 63 87
488 85 77
489 54 40
490 18 4
491 36 41
492 57 32
493 85 52
494 80 6
495 41 32
496 59 7
497 89 0
498 56 7
499 8 16
500 38 41
501 27 0
502 90 33
503 8 3
504 11 18
505 38 27
506 12 21
507 49 83
508 5 49
509 85 45
510 74 4
511 47 18
512 44 73
513 84 60
514 16 72
515 60 35
516 54 76
517 26 10
518 2 51
519 80 8
520 31 19
521 60 59
522 30 81
523 14 43
524 16 66
525 16 61
526 71 22
527 43 28
528 86 6
529 66 57
530 36 57
531 90 70
532 9 85
533 60 7
534 33 4
535 49 32
536 44 40
537 44 22
538 85 13
539 61 43
540 88 14
541 48 70
542 48 41
543 50 34
544 48 60
545 44 38
546 10 63
547 26 11
548 23 55
549 41 89
550 32 22
551 40 71
552 9 27
553 3 31
554 36 85
555 84 61
556 60 67
557 28 60
558 22 25
559 70 0
560 22 38
561 29 68
562 36 15
563 43 23
564 6 22
565 54 68
566 23 33
567 88 41
568 62 39
569 66 9
570 33 61
571 27 46
572 53 71
573 3 49
574 69 19
575 81 57
576 67 57
577 76 7
578 48 2
579 10 30
580 0 59
581 6 85
582 60 56
583 37 86
584 64 13
585 15 85
586 27 4
587 43 9
588 38 68
589 24 12
590 25 1
591 6 1
592 5 47
593 78 1
594 89 29
595 23 25
596 37 53
597 58 57
598 36 75
599 59 37
600 0 18
601 9 67
602 48 38
603 67 26
604 37 18
605 26 59
606 74 64
607 64 64
608 45 72
609 84 43
610 39 34
611 42 62
612 49 15
613 31 29
614 14 51
615 2 13
616 25 10
617 81 65
618 90 30
619 55 45
620 13 40
621 9 29
622 45 25
623 59 63
624 81 3
625 17 35
626 73 83
627 3 46
628 0 50
629 82 52
630 41 35
631 6 1
632 59 60
633 11 76
634 60 57
635 44 0
636 3 42
637 6 77
638 55 85
639 20 34
640 65 27
641 14 49
642 27 7
643 43 41
644 10 88
645 51 16
646 20 57
647 53 1
648 5 63
649 6 53
650 5 76
651 57 24
652 16 77
653 15 86
654 59 22
655 48 57
656 33 36
657 52 52
658 27 74
659 5 46
660 25 89
661 57 16
662 10 21
663 75 60
664 76 42
665 55 48
666 87 67
667 48 31
668 13 47
669 4 55
670 74 28
671 14 33
672 28 47
673 34 81
674 66 14
675 25 14
676 64 70
677 90 47
678 27 68
679 23 68
680 25 34
681 13 66
682 49 23
683 84 73
684 16 77
685 14 45
686 84 70
687 42 6
688 22 9
689 88 90
690 59 44
691 3 86
692 79 68
693 41 74
694 48 4
695 14 52
696 79 90
697 40 12
698 52 43
699 16 47
700 29 82
701 69 74
702 49 45
703 30 18
704 38 10
705 76 46
706 72 78
707 60 65
708 20 69
709 15 74
710 25 38
711 7 90
712 15 56
713 45 27
714 37 78
715 74 70
716 3 80
717 10 23
718 17 38
719 32 88
720 89 62
721 15 62
722 22 9
723 63 61
724 88 47
725 48 81
726 33 66
727 0 33
728 19 55
729 70 77
730 30 74
731 68 28
732 68 90
733 86 23
734 77 70
735 77 80
736 87 23
737 1 72
738 76 83
739 16 82
740 32 65
741 17 80
742 70 33
743 68 11
744 1 64
745 5 38
746 51 48
747 49 11
748 79 35
749 0 68
750 84 16
751 90 66
752 7 0
753 31 35
754 8 30
755 38 43
756 74 23
757 75 90
758 51 20
759 54 46
760 35 64
761 13 77
762 16 87
763 71 8
764 86 15
765 54 71
766 0 29
767 59 23
768 12 75
769 53 33
770 65 90
771 58 36
772 38 35
773 0 36
774 16 73
775 47 76
776 52 31
777 85 79
778 7 3
779 20 7
780 71 81
781 5 63
782 90 56
783 65 74
784 74 49
785 45 25
786 63 26
787 39 79
788 48 56
789 52 19
790 66 30
791 70 32
792 68 39
793 12 83
794 33 75
795 11 65
796 67 75
797 25 46
798 86 79
799 41 40
800 58 70
801 32 56
802 49 87
803 50 71
804 45 65
805 41 69
806 78 46
807 28 21
808 84 28
809 68 69
810 50 39
811 56 86
812 9 55
813 43 63
814 49 2
815 85 37
816 87 90
817 89 30
818 8 83
819 18 46
820 3 87
821 50 50
822 67 27
823 68 50
824 40 37
825 19 40
826 1 41
827 55 45
828 37 40
829 27 71
830 84 4
831 40 61
832 40 81
833 87 23
834 77 59
835 11 35
836 29 39
837 83 24
838 44 74
839 27 85
840 6 48
841 33 42
842 54 65
843 44 14
844 45 90
845 7 74
846 21 17
847 37 75
848 8 3
849 66 88
850 52 34
851 85 68
852 13 64
853 32 55
854 20 67
855 0 14
856 61 67
857 69 72
858 54 69
859 16 73
860 84 56
861 82 44
862 13 25
863 15 13
864 29 44
865 69 85
866 64 45
867 16 8
868 12 88
869 7 19
870 82 49
871 34 39
872 64 52
873 84 74
874 28 52
875 37 69
876 35 48
877 52 74
878 43 20
879 60 57
880 34 75
881 62 41
882 20 84
883 22 14
884 76 54
885 17 71
886 36 76
887 70 66
888 73 87
889 74 31
890 86 85
891 84 69
892 58 54
893 51 16
894 39 10
895 25 87
896 35 48
897 10 5
898 30 57
899 23 11
900 66 5
901 41 8
902 82 37
903 76 18
904 12 62
905 33 83
906 58 67
907 30 35
908 14 6
909 27 19
910 24 90
911 86 87
912 17 55
913 33 14
914 76 25
915 51 71
916 77 74
917 30 16
918 18 58
919 38 46
920 89 74
921 39 42
922 64 63
923 33 27
924 75 82
925 1 20
926 27 55
927 42 5
928 15 61
929 56 32
930 86 65
931 18 22
932 24 8
933 11 50
934 70 82
935 10 17
936 25 8
937 0 57
938 77 4
939 45 38
940 68 55
941 71 46
942 15 20
943 23 42
944 48 18
945 13 2
946 29 76
947 84 13
948 67 32
949 38 62
950 18 54
951 22 21
952 87 29
953 64 82
954 38 89
955 34 14
956 8 34
957 38 60
958 43 31
959 43 87
960 12 17
961 59 7
962 22 9
963 65 82
964 27 54
965 17 11
966 26 82
967 39 50
968 64 70
969 51 53
970 77 35
971 6 60
972 28 58
973 27 7
974 11 13
975 4 85
976 69 75
977 40 28
978 34 77
979 1 34
980 66 0
981 18 37
982 7 81
983 85 37
984 5 84
985 64 5
986 68 9
987 66 53
988 4 24
989 12 50
990 75 69
991 53 76
992 54 14
993 76 28
994 22 65
995 21 30
996 54 21
997 52 82
998 12 39
999 36 3
1000 43 60
1001 22 34
1002 60 59
1003 62 63
1004 68 53
1005 19 30
1006 49 39
1007 30 47
1008 31 76
1009 27 74
1010 72 18
1011 69 79
1012 63 57
1013 68 90
1014 4 32
1015 28 56
1016 61 12
1017 12 47
1018 22 7
1019 63 5
1020 39 36
1021 38 37
1022 3 56
1023 7 53
1024 47 63
1025 82 54
1026 8 44
1027 10 68
1028 89 8
1029 63 82
1030 11 18
1031 72 14
1032 30 39
1033 89 15
1034 23 50
1035 65 2
1036 43 26
1037 11 14
1038 88 12
1039 67 24
1040 10 70
1041 90 44
1042 85 48
1043 62 8
1044 23 71
1045 18 16
1046 19 85
1047 72 6
1048 54 53
1049 23 11
1050 19 59
1051 87 86
1052 44 15
1053 47 80
1054 48 65
1055 67 2
1056 1 66
1057 19 44
1058 68 57
1059 52 86
1060 18 51
1061 26 7
1062 1 65
1063 51 36
1064 87 85
1065 76 11
1066 56 39
1067 52 2
1068 38 84
1069 35 34
1070 67 74
1071 76 58
1072 34 74
1073 45 50
1074 1 60
1075 25 28
1076 78 33
1077 44 90
1078 74 73
1079 69 25
1080 56 90
1081 30 76
1082 50 24
1083 19 32
1084 7 79
1085 66 14
1086 63 86
1087 55 50
1088 51 71
1089 58 10
1090 73 36
1091 15 58
1092 7 69
1093 52 82
1094 73 39
1095 13 43
1096 32 28
1097 10 10
1098 72 81
1099 65 23
1100 42 6
1101 42 10
1102 56 36
1103 88 60
1104 73 71
1105 1 28
1106 64 4
1107 23 34
1108 59 74
1109 14 54
1110 8 56
1111 35 47
1112 88 72
1113 35 59
1114 86 67
1115 52 39
1116 66 61
1117 57 11
1118 43 18
1119 62 69
1120 66 35
1121 45 36
1122 27 59
1123 40 38
1124 74 44
1125 89 2
1126 18 33
1127 85 73
1128 9 6
1129 9 3
1130 26 30
1131 60 44
1132 15 47
1133 57 42
1134 11 88
1135 8 53
1136 56 20
1137 87 51
1138 52 78
1139 27 63
1140 28 1
1141 58 17
1142 39 72
1143 85 7
1144 63 25
1145 57 76
1146 67 43
1147 63 36
1148 84 15
1149 65 76
1150 34 42
1151 25 60
1152 41 45
1153 79 68
1154 23 58
1155 29 27
1156 28 24
1157 52 87
1158 60 33
1159 13 86
1160 61 50
1161 2 85
1162 18 48
1163 80 18
1164 55 66
1165 4 88
1166 4 26
1167 31 70
1168 55 39
1169 87 5
1170 65 66
1171 53 51
1172 65 2
1173 0 37
1174 32 77
1175 25 18
1176 14 4
1177 46 9
1178 63 26
1179 82 60
1180 67 11
1181 77 88
1182 49 28
1183 47 52
1184 11 16
1185 34 69
1186 64 70
1187 42 9
1188 42 86
1189 69 72
1190 80 2
1191 66 45
1192 58 62
1193 33 2
1194 32 10
1195 88 42
1196 73 41
1197 42 86
1198 5 3
1199 12 14
1200 19 50
1201 87 89
1202 53 85
1203 54 84
1204 0 43
1205 31 16
1206 44 74
1207 62 69
1208 58 26
1209 65 14
1210 24 54
1211 72 78
1212 73 4
1213 29 11
1214 31 66
1215 32 88
1216 31 41
1217 10 28
1218 43 37
1219 52 21
1220 64 82
1221 18 65
1222 48 79
1223 10 59
1224 81 77
1225 60 13
1226 51 1
1227 41 85
1228 84 28
1229 17 24
1230 38 37
1231 2 23
1232 26 69
1233 14 19
1234 28 68
1235 20 35
1236 80 42
1237 12 10
1238 13 86
1239 35 85
1240 59 84
1241 62 55
1242 53 88
1243 7 46
1244 16 64
1245 40 77
1246 44 13
1247 73 22
1248 79 6
1249 15 46
1250 76 11
1251 19 86
1252 72 43
1253 28 77
1254 56 17
1255 84 34
1256 79 31
1257 57 9
1258 55 77
1259 23 27
1260 49 17
1261 3 53
1262 31 13
1263 79 26
1264 84 1
1265 33 11
1266 39 38
1267 90 19
1268 55 40
1269 72 7
1270 21 84
1271 69 48
1272 41 15
1273 26 6
1274 79 30
1275 87 4
1276 43 35
1277 80 1
1278 71 75
1279 24 2
1280 7 24
1281 81 15
1282 17 78
1283 17 34
1284 63 61
1285 68 15
1286 23 75
1287 33 15
1288 65 17
1289 39 13
1290 26 11
1291 8 0
1292 35 62
1293 3 76
1294 36 31
1295 3 59
1296 23 63
1297 47 74
1298 26 79
1299 17 74
1300 18 47
1301 79 57
1302 5 77
1303 89 58
1304 7 67
1305 71 56
1306 69 55
1307 53 58
1308 43 28
1309 66 55
1310 64 85
1311 15 31
1312 41 75
1313 81 86
1314 15 60
1315 40 11
1316 15 11
1317 52 43
1318 73 7
1319 58 6
1320 90 5
1321 56 44
1322 70 13
1323 41 32
1324 61 83
1325 51 32
1326 67 35
1327 75 73
1328 38 17
1329 28 13
1330 5 13
1331 36 79
1332 24 4
1333 65 23
1334 11 23
1335 56 20
1336 59 58
1337 23 28
1338 46 85
1339 63 5
1340 85 37
1341 11 83
1342 23 57
1343 57 67
1344 45 58
1345 46 62
1346 79 89
1347 71 86
1348 85 12
1349 85 35
1350 43 68
1351 53 19
1352 54 57
1353 66 30
1354 52 67
1355 52 67
1356 38 47
1357 19 13
1358 22 78
1359 71 26
1360 51 13
1361 70 34
1362 73 66
1363 55 50
1364 50 13
1365 40 13
1366 21 15
1367 4 24
1368 73 9
1369 8 86
1370 87 9
1371 6 40
1372 88 6
1373 61 37
1374 65 60
1375 69 18
1376 0 62
1377 14 72
1378 81 82
1379 80 27
1380 83 46
1381 38 22
1382 60 73
1383 2 44
1384 26 31
1385 23 69
1386 4 1
1387 83 57
1388 8 56
1389 77 49
1390 7 53
1391 21 2
1392 8 90
1393 25 65
1394 66 41
1395 30 44
1396 90 56
1397 31 86
1398 18 52
1399 47 68
1400 49 29
1401 86 57
1402 76 86
1403 34 29
1404 65 10
1405 57 54
1406 31 68
1407 30 60
1408 88 49
1409 47 32
1410 50 53
1411 10 29
1412 64 29
1413 72 19
1414 62 7
1415 54 18
1416 54 79
1417 29 86
1418 22 89
1419 50 77
1420 54 58
1421 87 58
1422 10 7
1423 27 23
1424 83 29
1425 8 25
1426 30 63
1427 45 65
1428 89 7
1429 15 81
1430 46 45
1431 75 64
1432 1 65
1433 55 84
1434 13 44
1435 79 55
1436 70 38
1437 29 77
1438 79 30
1439 70 20
1440 57 33
1441 11 54
1442 78 47
1443 58 38
1444 76 35
1445 51 47
1446 20 72
1447 81 76
1448 79 75
1449 14 31
1450 40 62
1451 1 76
1452 68 60
1453 73 19
1454 53 31
1455 60 84
1456 17 12
1457 43 87
1458 48 90
1459 37 34
1460 56 38
1461 8 32
1462 38 70
1463 25 37
1464 78 33
1465 63 34
1466 35 30
1467 16 44
1468 12 32
1469 10 23
1470 52 60
1471 4 56
1472 54 52
1473 11 81
1474 18 17
1475 18 55
1476 86 53
1477 45 1
1478 70 4
1479 38 77
1480 16 62
1481 71 62
1482 33 84
1483 62 74
1484 15 20
1485 55 39
1486 67 86
1487 82 75
1488 13 49
1489 20 8
1490 33 36
1491 52 14
1492 9 38
1493 78 82
1494 19 54
1495 37 28
1496 78 2
1497 21 45
1498 19 16
1499 43 13
1500 23 86
1501 57 66
1502 7 29
1503 33 10
1504 36 43
1505 40 35
1506 8 14
1507 28 54
1508 77 60
1509 13 88
1510 17 16
1511 70 38
1512 54 61
1513 8 82
1514 84 36
1515 46 66
1516 26 58
1517 1 25
1518 28 29
1519 76 6
1520 62 24
1521 47 68
1522 75 0
1523 3 52
1524 21 55
1525 22 81
1526 84 13
1527 28 15
1528 14 7
1529 27 72
1530 68 30
1531 58 9
1532 68 31
1533 87 68
1534 14 34
1535 6 75
1536 13 60
1537 81 59
1538 16 77
1539 14 71
1540 21 18
1541 46 85
1542 43 51
1543 76 20
1544 74 66
1545 71 56
1546 51 72
1547 65 9
1548 7 33
1549 18 26
1550 12 25
1551 17 48
1552 21 30
1553 55 8
1554 3 18
1555 57 47
1556 89 0
1557 7 9
1558 42 85
1559 75 26
1560 42 65
1561 43 26
1562 11 3
1563 28 62
1564 69 35
1565 90 7
1566 57 9
1567 63 52
1568 57 65
1569 87 30
1570 25 89
1571 49 32
1572 64 21
1573 61 2
1574 82 70
1575 22 45
1576 36 88
1577 8 17
1578 44 20
1579 36 17
1580 73 8
1581 67 47
1582 18 87
1583 12 0
1584 40 41
1585 9 50
1586 72 80
1587 85 26
1588 67 5
1589 69 82
1590 35 42
1591 75 76
1592 14 39
1593 86 32
1594 34 2
1595 10 21
1596 36 26
1597 90 27
1598 71 73
1599 75 63
1600 40 89
1601 48 64
1602 8 48
1603 19 50
1604 42 37
1605 56 77
1606 50 39
1607 3 27
1608 88 70
1609 29 57
1610 87 80
1611 79 27
1612 69 60
1613 26 41
1614 89 43
1615 31 63
1616 88 61
1617 18 9
1618 72 82
1619 63 77
1620 57 80
1621 66 42
1622 2 69
1623 22 68
1624 34 51
1625 69 57
1626 61 23
1627 49 53
1628 53 6
1629 44 79
1630 32 0
1631 11 43
1632 37 35
1633 32 5
1634 10 8
1635 75 44
1636 23 83
1637 1 39
1638 66 11
1639 69 0
1640 1 14
1641 58 72
1642 61 41
1643 78 27
1644 77 66
1645 55 86
1646 69 40
1647 79 0
1648 54 24
1649 26 46
1650 23 85
1651 58 4
1652 66 27
1653 78 12
1654 40 53
1655 37 13
1656 79 60
1657 0 2
1658 61 46
1659 50 67
1660 17 6
1661 30 37
1662 76 0
1663 67 44
1664 22 66
1665 22 22
1666 85 12
1667 28 25
1668 84 71
1669 5 67
1670 12 59
1671 88 11
1672 52 83
1673 18 61
1674 45 2
1675 75 68
1676 59 0
1677 49 81
1678 14 74
1679 85 62
1680 68 55
1681 35 38
1682 51 67
1683 66 74
1684 31 30
1685 71 44
1686 44 86
1687 34 19
1688 15 84
1689 46 19
1690 73 46
1691 55 79
1692 9 79
1693 29 43
1694 39 60
1695 7 15
1696 77 57
1697 32 27
1698 72 25
1699 74 15
1700 53 90
1701 2 88
1702 7 4
1703 1 17
1704 86 77
1705 61 62
1706 46 44
1707 19 52
1708 6 82
1709 48 53
1710 37 86
1711 43 86
1712 73 60
1713 23 53
1714 78 5
1715 33 23
1716 56 41
1717 41 82
1718 11 71
1719 18 76
1720 11 40
1721 42 63
1722 82 39
1723 65 77
1724 87 27
1725 44 64
1726 40 54
1727 48 9
1728 2 78
1729 16 68
1730 64 30
1731 72 40
1732 55 51
1733 84 6
1734 74 5
1735 12 17
1736 10 40
1737 52 86
1738 49 54
1739 75 10
1740 70 8
1741 22 48
1742 80 10
1743 47 86
1744 15 29
1745 55 5
1746 72 0
1747 65 58
1748 7 74
1749 76 18
1750 34 42
1751 86 73
1752 90 9
1753 59 34
1754 55 66
1755 46 56
1756 53 30
1757 87 25
1758 80 9
1759 54 60
1760 40 51
1761 68 17
1762 46 89
1763 3 58
1764 36 4
1765 53 36
1766 81 7
1767 2 8
1768 41 49
1769 70 9
1770 9 12
1771 15 23
1772 47 42
1773 23 23
1774 68 38
1775 40 62
1776 13 64
1777 76 76
1778 86 31
1779 22 64
1780 0 64
1781 59 16
1782 17 88
1783 10 60
1784 61 72
1785 12 54
1786 24 85
1787 21 60
1788 89 79
1789 46 46
1790 32 9
1791 18 33
1792 80 48
1793 62 26
1794 68 27
1795 38 88
1796 18 20
1797 82 64
1798 54 78
1799 50 56
1800 75 39
1801 34 22
1802 74 62
1803 7 40
1804 25 30
1805 73 53
1806 38 82
1807 14 39
1808 38 52
1809 85 7
1810 3 53
1811 50 65
1812 84 23
1813 42 18
1814 5 1
1815 3 30
1816 19 50
1817 30 64
1818 69 8
1819 13 16
1820 41 62
1821 16 63
1822 43 12
1823 47 65
1824 89 77
1825 86 84
1826 74 90
1827 23 36
1828 28 51
1829 33 25
1830 74 73
1831 9 62
1832 1 73
1833 70 40
1834 47 46
1835 63 39
1836 86 39
1837 80 28
1838 69 84
1839 2 18
1840 47 82
1841 58 19
1842 35 76
1843 85 6
1844 4 47
1845 62 43
1846 32 88
1847 76 0
1848 47 66
1849 82 67
1850 83 84
1851 87 4
1852 65 22
1853 30 19
1854 18 74
1855 70 57
1856 33 17
1857 47 37
1858 87 25
1859 14 48
1860 82 31
1861 60 18
1862 9 76
1863 69 75
1864 26 9
1865 23 14
1866 64 16
1867 37 70
1868 77 46
1869 74 13
1870 80 84
1871 65 49
1872 14 87
1873 47 85
1874 63 20
1875 50 64
1876 86 31
1877 66 74
1878 14 38
1879 81 83
1880 60 10
1881 8 5
1882 15 22
1883 73 55
1884 35 60
1885 41 61
1886 19 63
1887 52 26
1888 42 19
1889 73 58
1890 82 44
1891 37 61
1892 22 29
1893 68 77
1894 54 14
1895 15 56
1896 20 57
1897 75 17
1898 34 18
1899 23 52
1900 12 81
1901 6 85
1902 88 90
1903 51 32
1904 1 73
1905 30 89
1906 56 62
1907 36 45
1908 51 9
1909 89 75
1910 58 89
1911 67 87
1912 6 90
1913 29 34
1914 78 19
1915 27 28
1916 46 81
1917 61 30
1918 59 89
1919 48 20
1920 56 3
1921 4 59
1922 76 72
1923 11 6
1924 79 20
1925 39 27
1926 11 6
1927 39 87
1928 84 0
1929 87 54
1930 72 21
1931 57 29
1932 83 41
1933 34 2
1934 36 9
1935 39 18
1936 53 76
1937 26 27
1938 22 36
1939 41 46
1940 30 59
1941 25 70
1942 60 42
1943 87 64
1944 14 87
1945 47 21
1946 14 85
1947 20 46
1948 52 6
1949 66 86
1950 67 43
1951 33 31
1952 21 8
1953 10 20
1954 13 56
1955 85 5
1956 44 81
1957 5 44
1958 47 63
1959 62 61
1960 25 87
1961 10 35
1962 72 33
1963 36 29
1964 67 6
1965 49 79
1966 32 59
1967 47 32
1968 62 76
1969 88 45
1970 57 30
1971 25 6
1972 40 12
1973 17 7
1974 29 52
1975 86 38
1976 77 59
1977 55 22
1978 7 63
1979 10 48
1980 55 75
1981 74 72
1982 71 53
1983 42 70
1984 42 27
1985 62 3
1986 56 38
1987 16 90
1988 59 90
1989 4 45
1990 12 82
1991 57 2
1992 60 73
1993 26 71
1994 80 60
1995 11 45
1996 37 27
1997 56 8
1998 74 10
1999 76 72
2000 2 14
2001 56 21
2002 25 16
2003 88 35
2004 67 12
2005 75 19
2006 23 74
2007 19 17
2008 30 73
2009 44 50
2010 58 80
2011 34 42
2012 81 47
2013 11 47
2014 31 89
2015 49 39
2016 30 41
2017 14 14
2018 86 34
2019 25 47
2020 46 54
2021 19 6
2022 72 71
2023 44 51
2024 62 20
2025 26 30
2026 53 18
2027 23 79
2028 36 21
2029 65 59
2030 89 53
2031 70 88
2032 79 52
2033 66 17
2034 46 17
2035 36 22
2036 21 47
2037 58 67
2038 30 1
2039 49 46
2040 30 22
2041 35 0
2042 39 79
2043 21 45
2044 22 47
2045 55 14
2046 5 71
2047 5 61
2048 60 34
2049 71 45
2050 67 29
2051 2 48
2052 88 73
2053 20 86
2054 0 17
2055 90 11
2056 16 25
2057 75 34
2058 60 36
2059 71 6
2060 38 71
2061 11 45
2062 85 62
2063 70 26
2064 37 20
2065 23 69
2066 51 42
2067 40 29
2068 24 38
2069 63 36
2070 38 20
2071 44 70
2072 8 44
2073 34 22
2074 22 51
2075 31 0
2076 3 65
2077 46 66
2078 29 26
2079 89 9
2080 72 7
2081 63 76
2082 12 51
2083 54 30
2084 88 58
2085 13 75
2086 10 89
2087 61 71
2088 77 63
2089 73 38
2090 76 20
2091 62 8
2092 2 75
2093 90 23
2094 60 60
2095 50 68
2096 8 55
2097 46 40
2098 83 82
2099 0 30
2100 4 43
2101 73 61
2102 5 17
2103 84 66
2104 88 20
2105 22 54
2106 89 74
2107 49 54
2108 67 78
2109 39 62
2110 48 48
2111 79 22
2112 85 65
2113 78 88
2114 62 56
2115 61 56
2116 39 46
2117 52 36
2118 11 34
2119 17 57
2120 15 45
2121 62 54
2122 74 48
2123 2 63
2124 53 12
2125 30 50
2126 51 15
2127 15 22
2128 66 49
2129 55 25
2130 87 21
2131 69 70
2132 19 89
2133 60 58
2134 51 74
2135 41 61
2136 85 47
2137 6 41
2138 10 54
2139 66 85
2140 39 19
2141 29 90
2142 47 62
2143 79 27
2144 8 11
2145 86 35
2146 28 45
2147 4 16
2148 1 58
2149 5 15
2150 38 46
2151 64 60
2152 13 22
2153 40 78
2154 38 39
2155 55 48
2156 21 67
2157 70 58
2158 6 74
2159 1 52
2160 36 71
2161 12 32
2162 64 67
2163 53 39
2164 57 67
2165 20 32
2166 29 72
2167 4 19
2168 21 79
2169 69 59
2170 89 68
2171 34 22
2172 16 0
2173 51 64
2174 24 69
2175 38 5
2176 49 76
2177 56 9
2178 46 76
2179 2 70
2180 55 52
2181 47 6
2182 46 20
2183 14 35
2184 7 1
2185 21 86
2186 54 20
2187 75 7
2188 72 60
2189 40 77
2190 2 1
2191 73 63
2192 74 86
2193 45 58
2194 8 39
2195 60 56
2196 65 48
2197 8 33
2198 28 75
2199 28 78
2200 0 87
2201 66 7
2202 53 80
2203 79 81
2204 61 22
2205 53 74
2206 77 88
2207 69 2
2208 1 12
2209 52 67
2210 9 35
2211 89 50
2212 2 5
2213 23 45
2214 52 71
2215 49 24
2216 45 89
2217 10 38
2218 59 61
2219 69 17
2220 29 45
2221 31 83
2222 45 80
2223 48 75
2224 89 36
2225 81 21
2226 77 0
2227 24 18
2228 77 63
2229 66 59
2230 9 17
2231 38 60
2232 79 27
2233 70 1
2234 51 27
2235 55 31
2236 47 88
2237 39 7
2238 42 30
2239 60 29
2240 28 40
2241 2 50
2242 45 68
2243 5 20
2244 34 59
2245 16 16
2246 63 39
2247 60 13
2248 19 7
2249 72 29
2250 14 31
2251 89 78
2252 75 51
2253 51 78
2254 42 20
2255 37 20
2256 53 86
2257 27 56
2258 60 45
2259 54 41
2260 23 22
2261 87 81
2262 44 85
2263 8 75
2264 86 47
2265 70 86
2266 87 1
2267 62 44
2268 40 55
2269 63 33
2270 68 33
2271 50 84
2272 14 31
2273 85 83
2274 1 84
2275 75 7
2276 10 9
2277 49 82
2278 55 78
2279 66 63
2280 1 23
2281 12 16
2282 70 16
2283 19 86
2284 52 8
2285 70 64
2286 89 32
2287 79 1
2288 15 8
2289 35 85
2290 27 3
2291 23 1
2292 26 51
2293 68 41
2294 35 77
2295 39 43
2296 66 14
2297 23 0
2298 33 8
2299 9 48
2300 66 0
2301 72 60
2302 59 1
2303 61 89
2304 49 13
2305 34 80
2306 37 7
2307 20 34
2308 36 0
2309 42 23
2310 86 57
2311 37 29
2312 85 87
2313 28 38
2314 27 90
2315 85 17
2316 74 31
2317 28 62
2318 46 26
2319 22 2
2320 15 22
2321 63 23
2322 39 61
2323 39 52
2324 60 86
2325 66 9
2326 85 36
2327 23 63
2328 37 51
2329 21 90
2330 45 83
2331 43 33
2332 69 67
2333 26 1
2334 49 70
2335 79 17
2336 47 44
2337 43 32
2338 28 17
2339 11 88
2340 43 39
2341 40 38
2342 89 44
2343 15 18
2344 10 14
2345 37 53
2346 80 61
2347 7 67
2348 87 34
2349 45 18
2350 40 31
2351 68 6
2352 84 51
2353 77 61
2354 52 20
2355 25 65
2356 57 67
2357 21 59
2358 68 17
2359 12 3
2360 40 67
2361 86 28
2362 69 21
2363 29 45
2364 65 71
2365 71 12
2366 62 27
2367 63 70
2368 88 15
2369 56 43
2370 24 49
2371 43 17
2372 61 7
2373 9 26
2374 3 20
2375 36 6
2376 59 39
2377 66 69
2378 81 47
2379 72 67
2380 67 89
2381 56 63
2382 31 58
2383 62 60
2384 72 86
2385 18 59
2386 23 5
2387 13 29
2388 11 44
2389 38 9
2390 29 48
2391 15 16
2392 76 21
2393 5 72
2394 33 58
2395 39 35
2396 6 42
2397 42 23
2398 46 67
2399 22 12
2400 41 49
2401 72 74
2402 31 27
2403 61 12
2404 10 67
2405 14 75
2406 69 89
2407 28 75
2408 23 13
2409 61 73
2410 68 2
2411 29 54
2412 16 89
2413 58 51
2414 39 20
2415 82 24
2416 46 6
2417 19 85
2418 36 6
2419 47 9
2420 81 74
2421 31 32
2422 56 84
2423 85 45
2424 3 63
2425 67 20
2426 1 48
2427 41 47
2428 21 13
2429 64 32
2430 41 86
2431 81 40
2432 37 43
2433 44 59
2434 7 59
2435 73 79
2436 71 51
2437 69 2
2438 1 7
2439 26 9
2440 90 39
2441 53 5
2442 28 75
2443 16 52
2444 83 38
2445 54 62
2446 53 67
2447 5 18
2448 87 77
2449 18 73
2450 90 88
2451 28 37
2452 16 15
2453 58 42
2454 79 76
2455 25 68
2456 52 23
2457 44 1
2458 71 0
2459 23 55
2460 53 87
2461 53 19
2462 54 38
2463 85 78
2464 4 66
2465 41 79
2466 56 19
2467 61 73
2468 37 51
2469 83 51
2470 52 15
2471 1 89
2472 16 24
2473 87 51
2474 15 33
2475 10 48
2476 34 86
2477 13 52
2478 55 16
2479 0 15
2480 76 75
2481 10 25
2482 34 46
2483 59 86
2484 10 38
2485 75 84
2486 4 10
2487 12 37
2488 50 30
2489 24 35
2490 29 40
2491 82 75
2492 47 65
2493 39 35
2494 18 78
2495 74 90
2496 80 45
2497 31 23
2498 86 88
2499 11 50
2500 80 0
2501 64 3
2502 42 70
2503 67 87
2504 87 0
2505 37 16
2506 74 72
2507 46 40
2508 66 3
2509 73 32
2510 8 77
2511 12 58
2512 82 42
2513 15 50
2514 6 85
2515 45 7
2516 27 16
2517 51 46
2518 79 62
2519 88 80
2520 28 43
2521 71 1
2522 37 75
2523 58 79
2524 41 24
2525 7 54
2526 1 89
2527 36 56
2528 81 53
2529 43 75
2530 17 72
2531 34 82
2532 32 57
2533 27 52
2534 71 20
2535 2 52
2536 18 80
2537 5 77
2538 53 41
2539 81 20
2540 60 34
2541 61 64
2542 34 34
2543 15 23
2544 22 24
2545 9 88
2546 87 2
2547 43 1
2548 47 51
2549 71 36
2550 57 43
2551 53 14
2552 66 32
2553 81 4
2554 71 3
2555 63 52
2556 1 14
2557 67 52
2558 57 42
2559 32 15
2560 43 86
2561 24 26
2562 4 41
2563 47 81
2564 42 63
2565 48 66
2566 88 77
2567 88 36
2568 44 44
2569 47 38
2570 79 11
2571 61 51
2572 47 34
2573 34 13
2574 48 62
2575 59 65
2576 8 81
2577 35 22
2578 6 39
2579 5 8
2580 50 32
2581 11 40
2582 83 5
2583 45 85
2584 34 87
2585 77 34
2586 49 22
2587 6 28
2588 69 13
2589 26 58
2590 21 55
2591 0 43
2592 20 61
2593 59 58
2594 51 85
2595 50 85
2596 42 58
2597 38 52
2598 86 0
2599 16 32
2600 51 77
2601 8 32
2602 23 70
2603 32 84
2604 60 80
2605 46 7
2606 38 69
2607 59 23
2608 33 77
2609 17 56
2610 50 40
2611 40 56
2612 69 6
2613 16 22
2614 54 2
2615 36 61
2616 50 43
2617 77 57
2618 72 83
2619 57 45
2620 3 56
2621 46 0
2622 65 38
2623 5 21
2624 1 20
2625 55 82
2626 64 13
2627 13 49
2628 87 62
2629 25 11
2630 62 53
2631 26 55
2632 70 18
2633 7 7
2634 38 76
2635 37 65
2636 26 79
2637 79 6
2638 72 23
2639 8 15
2640 83 40
2641 86 51
2642 76 61
2643 2 27
2644 4 8
2645 25 47
2646 39 0
2647 14 3
2648 27 28
2649 16 21
2650 8 43
2651 5 60
2652 55 70
2653 74 53
2654 58 22
2655 59 77
2656 10 10
2657 4 86
2658 43 7
2659 76 45
2660 41 39
2661 61 76
2662 48 75
2663 43 81
2664 41 2
2665 16 20
2666 43 5
2667 9 19
2668 21 56
2669 11 82
2670 52 90
2671 59 25
2672 23 39
2673 26 37
2674 86 37
2675 55 54
2676 75 2
2677 3 42
2678 3 61
2679 72 31
2680 68 44
2681 54 58
2682 76 21
2683 60 21
2684 8 80
2685 19 87
2686 75 76
2687 44 67
2688 53 1
2689 58 56
2690 23 24
2691 51 37
2692 87 27
2693 30 27
2694 58 44
2695 76 75
2696 11 65
2697 28 19
2698 53 52
2699 79 15
2700 55 36
2701 4 73
2702 61 18
2703 25 30
2704 21 51
2705 28 40
2706 5 50
2707 22 2
2708 18 68
2709 53 75
2710 45 42
2711 63 25
2712 53 13
2713 8 42
2714 24 45
2715 74 58
2716 61 29
2717 67 25
2718 24 64
2719 60 63
2720 67 42
2721 3 21
2722 4 9
2723 3 18
2724 0 1
2725 88 56
2726 19 86
2727 5 3
2728 17 39
2729 45 82
2730 75 11
2731 43 44
2732 88 18
2733 33 75
2734 67 9
2735 30 73
2736 82 77
2737 2 58
2738 35 14
2739 11 40
2740 72 36
2741 59 76
2742 8 45
2743 41 34
2744 7 65
2745 89 71
2746 5 36
2747 72 18
2748 38 2
2749 22 59
2750 21 67
2751 77 31
2752 37 35
2753 78 54
2754 7 18
2755 53 88
2756 57 76
2757 78 84
2758 21 3
2759 0 49
2760 36 17
2761 13 46
2762 25 72
2763 50 6
2764 61 55
2765 51 55
2766 19 45
2767 89 56
2768 17 9
2769 69 39
2770 4 55
2771 57 37
2772 55 53
2773 58 67
2774 87 85
2775 23 29
2776 40 23
2777 27 78
2778 90 82
2779 34 26
2780 39 90
2781 86 45
2782 77 9
2783 32 68
2784 46 60
2785 76 41
2786 35 33
2787 58 39
2788 86 39
2789 20 42
2790 73 29
2791 32 3
2792 5 87
2793 19 39
2794 43 85
2795 3 53
2796 22 12
2797 70 28
2798 49 87
2799 81 9
2800 36 42
2801 2 4
2802 86 18
2803 1 62
2804 61 86
2805 71 85
2806 23 2
2807 5 3
2808 76 34
2809 9 67
2810 49 32
2811 19 52
2812 34 14
2813 43 53
2814 24 14
2815 62 31
2816 54 40
2817 84 58
2818 29 79
2819 43 72
2820 55 26
2821 15 72
2822 46 29
2823 81 35
2824 44 49
2825 45 57
2826 67 58
2827 9 12
2828 54 10
2829 67 76
2830 19 20
2831 83 72
2832 0 15
2833 75 75
2834 14 72
2835 84 86
2836 63 54
2837 39 11
2838 2 65
2839 17 34
2840 80 63
2841 45 34
2842 88 82
2843 28 60
2844 84 53
2845 23 74
2846 28 61
2847 9 27
2848 15 9
2849 52 18
2850 43 11
2851 45 75
2852 35 51
2853 15 44
2854 25 89
2855 68 46
2856 54 47
2857 6 30
2858 49 14
2859 63 19
2860 26 64
2861 20 64
2862 4 7
2863 30 21
2864 45 82
2865 81 32
2866 45 2
2867 3 12
2868 67 37
2869 41 76
2870 26 17
2871 76 15
2872 41 28
2873 14 80
2874 81 50
2875 30 31
2876 25 15
2877 23 57
2878 80 78
2879 10 38
2880 65 19
2881 18 80
2882 23 80
2883 29 69
2884 58 63
2885 62 79
2886 38 0
2887 72 71
2888 41 68
2889 88 40
2890 51 38
2891 8 75
2892 55 29
2893 2 82
2894 2 40
2895 12 73
2896 2 65
2897 23 62
2898 73 80
2899 50 50
2900 87 77
2901 54 17
2902 9 35
2903 51 80
2904 31 34
2905 57 31
2906 50 14
2907 47 87
2908 59 79
2909 2 66
2910 5 18
2911 41 83
2912 58 24
2913 39 72
2914 8 61
2915 28 18
2916 5 3
2917 35 39
2918 7 8
2919 10 85
2920 44 1
2921 83 6
2922 85 88
2923 80 53
2924 16 22
2925 14 84
2926 4 82
2927 55 18
2928 43 47
2929 1 7
2930 79 9
2931 82 14
2932 23 71
2933 82 88
2934 33 57
2935 25 33
2936 15 35
2937 50 21
2938 18 6
2939 87 47
2940 30 35
2941 88 25
2942 67 66
2943 55 36
2944 0 20
2945 33 23
2946 39 76
2947 11 30
2948 56 10
2949 33 53
2950 65 57
2951 54 56
2952 71 29
2953 44 72
2954 2 45
2955 12 1
2956 20 87
2957 87 53
2958 87 31
2959 42 86
2960 11 11
2961 76 21
2962 57 51
2963 28 73
2964 72 22
2965 75 42
2966 44 52
2967 58 22
2968 3 2
2969 85 66
2970 67 38
2971 79 54
2972 15 88
2973 10 0
2974 61 88
2975 64 32
2976 36 36
2977 29 2
2978 67 12
2979 86 68
2980 55 75
2981 48 20
2982 71 28
2983 30 18
2984 3 66
2985 58 0
2986 33 57
2987 53 34
2988 0 44
2989 60 81
2990 65 34
2991 61 1
2992 49 83
2993 68 42
2994 39 85
2995 56 59
2996 60 83
2997 85 69
2998 80 13
2999 28 32
3000 84 62
3001 50 5
3002 65 47
3003 51 67
3004 74 66
3005 71 21
3006 14 36
3007 21 32
3008 68 66
3009 16 57
3010 57 52
3011 49 51
3012 35 31
3013 35 31
3014 6 54
3015 88 79
3016 2 12
3017 49 50
3018 78 38
3019 90 27
3020 27 30
3021 57 49
3022 81 62
3023 49 64
3024 27 8
3025 23 1
3026 78 81
3027 22 25
3028 49 4
3029 78 34
3030 12 19
3031 75 57
3032 55 16
3033 9 64
3034 0 77
3035 4 72
3036 62 15
3037 85 1
3038 1 71
3039 18 88
3040 37 6
3041 44 1
3042 35 26
3043 11 79
3044 62 14
3045 55 16
3046 71 45
3047 87 62
3048 10 11
3049 61 12
3050 63 50
3051 90 19
3052 24 68
3053 4 4
3054 77 82
3055 38 49
3056 50 42
3057 49 69
3058 45 23
3059 70 75
3060 53 51
3061 49 59
3062 56 30
3063 33 6
3064 48 43
3065 26 87
3066 59 62
3067 30 59
3068 75 34
3069 5 2
3070 50 2
3071 8 5
3072 36 87
3073 15 33
3074 78 25
3075 37 72
3076 27 20
3077 12 69
3078 11 14
3079 14 19
3080 17 25
3081 14 4
3082 24 5
3083 6 68
3084 55 30
3085 67 71
3086 80 2
3087 0 87
3088 75 38
3089 56 62
3090 78 18
3091 20 68
3092 36 86
3093 4 47
3094 25 40
3095 73 22
3096 52 42
3097 26 52
3098 89 37
3099 11 76
3100 4 12
3101 70 34
3102 28 20
3103 31 30
3104 78 25
3105 76 15
3106 21 40
3107 58 47
3108 87 65
3109 24 24
3110 79 54
3111 29 42
3112 33 73
3113 5 19
3114 89 56
3115 86 25
3116 7 86
3117 53 28
3118 19 21
3119 0 27
3120 35 90
3121 74 48
3122 37 30
3123 33 40
3124 36 88
3125 73 16
3126 49 80
3127 26 13
3128 17 25
3129 58 81
3130 43 50
3131 19 84
3132 46 3
3133 75 52
3134 1 63
3135 46 86
3136 4 70
3137 54 80
3138 32 42
3139 12 75
3140 47 18
3141 59 45
3142 55 44
3143 22 13
3144 55 29
3145 60 28
3146 82 46
3147 62 2
3148 35 81
3149 64 54
3150 53 52
3151 30 9
3152 85 74
3153 75 45
3154 57 82
3155 58 18
3156 73 75
3157 17 10
3158 6 30
3159 6 12
3160 38 39
3161 10 4
3162 49 24
3163 21 35
3164 1 54
3165 10 16
3166 43 29
3167 67 60
3168 66 12
3169 36 9
3170 83 61
3171 38 44
3172 24 9
3173 21 24
3174 62 57
3175 84 7
3176 8 41
3177 47 43
3178 18 49
3179 11 55
3180 53 17
3181 48 58
3182 27 59
3183 45 18
3184 66 3
3185 24 25
3186 73 11
3187 5 65
3188 52 34
3189 62 36
3190 41 41
3191 1 33
3192 46 18
3193 51 88
3194 82 30
3195 82 10
3196 1 47
3197 40 23
3198 44 54
3199 75 72
3200 42 36
3201 61 34
3202 24 40
3203 4 15
3204 37 16
3205 64 85
3206 11 14
3207 37 87
3208 28 70
3209 49 41
3210 24 33
3211 52 39
3212 32 80
3213 6 24
3214 5 0
3215 75 17
3216 63 23
3217 12 71
3218 14 28
3219 38 2
3220 88 71
3221 13 86
3222 73 55
3223 5 33
3224 59 9
3225 22 2
3226 62 5
3227 90 69
3228 58 26
3229 90 27
3230 65 73
3231 44 39
3232 65 7
3233 70 64
3234 35 60
3235 3 18
3236 21 11
3237 22 43
3238 76 23
3239 82 53
3240 28 0
3241 43 52
3242 26 49
3243 5 59
3244 34 36
3245 29 43
3246 1 55
3247 44 59
3248 72 43
3249 5 10
3250 24 19
3251 28 78
3252 71 65
3253 32 83
3254 53 61
3255 59 33
3256 20 83
3257 35 8
3258 17 84
3259 13 14
3260 53 42
3261 53 4
3262 41 29
3263 84 60
3264 0 39
3265 4 50
3266 89 63
3267 11 21
3268 65 28
3269 50 45
3270 58 84
3271 2 3
3272 71 49
3273 62 23
3274 60 34
3275 35 23
3276 81 1
3277 42 75
3278 51 71
3279 47 90
3280 85 20
3281 57 5
3282 20 87
3283 35 86
3284 78 12
3285 26 60
3286 67 5
3287 78 77
3288 37 0
3289 68 66
3290 57 9
3291 24 17
3292 29 47
3293 60 57
3294 34 51
3295 37 40
3296 52 60
3297 12 46
3298 73 84
3299 48 85
3300 14 13
3301 7 13
3302 39 8
3303 17 37
3304 77 55
3305 39 32
3306 10 4
3307 41 37
3308 43 17
3309 50 66
3310 20 35
3311 75 90
3312 42 40
3313 50 55
3314 90 39
3315 8 49
3316 40 61
3317 40 64
3318 27 86
3319 70 19
3320 35 43
3321 6 42
3322 81 7
3323 24 32
3324 40 53
3325 4 73
3326 4 78
3327 62 42
3328 16 32
3329 27 11
3330 56 56
3331 11 77
3332 52 84
3333 21 47
3334 17 47
3335 82 59
3336 10 82
3337 80 31
3338 9 4
3339 33 74
3340 33 18
3341 77 73
3342 72 30
3343 3 46
3344 20 87
3345 9 90
3346 89 23
3347 86 14
3348 2 19
3349 60 75
3350 69 68
3351 3 4
3352 7 21
3353 45 29
3354 1 39
3355 46 2
3356 72 63
3357 72 65
3358 37 0
3359 73 56
3360 59 14
3361 25 18
3362 75 36
3363 85 10
3364 35 73
3365 70 58
3366 90 48
3367 46 58
3368 12 28
3369 15 86
3370 55 4
3371 69 6
3372 38 46
3373 76 79
3374 71 45
3375 51 4
3376 64 3
3377 28 80
3378 90 41
3379 29 64
3380 50 49
3381 90 31
3382 3 73
3383 73 86
3384 37 54
3385 69 43
3386 17 3
3387 88 1
3388 65 22
3389 72 65
3390 22 24
3391 63 75
3392 3 1
3393 49 21
3394 76 46
3395 6 67
3396 31 69
3397 90 47
3398 15 54
3399 48 88
3400 69 82
3401 86 62
3402 31 57
3403 77 14
3404 66 57
3405 70 37
3406 3 68
3407 7 38
3408 27 25
3409 78 88
3410 79 4
3411 54 83
3412 21 36
3413 25 40
3414 74 50
3415 59 80
3416 18 88
3417 76 30
3418 49 51
3419 6 4
3420 17 54
3421 62 77
3422 0 53
3423 11 80
3424 11 72
3425 69 82
3426 33 3
3427 71 29
3428 23 35
3429 36 0
3430 16 6
3431 66 61
3432 70 10
3433 54 26
3434 50 70
3435 84 84
3436 67 71
3437 7 90
3438 80 6
3439 29 17
3440 60 45
3441 25 90
3442 45 4
3443 44 69
3444 60 30
3445 88 2
3446 22 11
3447 7 10
3448 19 85
3449 29 76
3450 25 50
3451 5 90
3452 9 63
3453 58 24
3454 52 64
3455 66 18
3456 72 85
3457 48 52
3458 88 29
3459 6 13
3460 50 76
3461 81 45
3462 49 90
3463 81 27
3464 8 11
3465 32 10
3466 11 85
3467 65 83
3468 15 16
3469 90 7
3470 2 22
3471 65 60
3472 34 78
3473 69 85
3474 36 89
3475 30 47
3476 58 31
3477 13 48
3478 62 4
3479 2 49
3480 78 14
3481 39 68
3482 34 81
3483 89 77
3484 51 27
3485 12 50
3486 3 87
3487 78 20
3488 87 17
3489 78 5
3490 40 1
3491 82 31
3492 36 14
3493 24 78
3494 27 90
3495 69 3
3496 1 25
3497 61 43
3498 77 83
3499 24 84
3500 46 77
3501 34 60
3502 77 90
3503 7 34
3504 5 81
3505 31 47
3506 13 14
3507 0 86
3508 86 20
3509 44 30
3510 64 31
3511 59 50
3512 7 85
3513 55 89
3514 41 37
3515 48 3
3516 86 3
3517 14 54
3518 47 52
3519 77 59
3520 12 45
3521 47 20
3522 5 81
3523 17 85
3524 22 58
3525 87 36
3526 85 79
3527 14 12
3528 0 25
3529 28 25
3530 34 65
3531 87 81
3532 52 64
3533 18 51
3534 61 27
3535 18 39
3536 15 72
3537 56 67
3538 55 3
3539 40 90
3540 11 57
3541 58 87
3542 65 90
3543 21 81
3544 52 80
3545 65 20
3546 28 35
3547 69 38
3548 58 66
3549 77 64
3550 54 15
3551 72 24
3552 37 59
3553 85 67
3554 36 16
3555 58 32
3556 62 25
3557 37 90
3558 30 16
3559 36 69
3560 85 83
3561 29 51
3562 33 48
3563 32 56
3564 40 11
3565 30 8
3566 89 64
3567 80 9
3568 7 55
3569 43 28
3570 65 24
3571 60 55
3572 3 1
3573 39 86
3574 1 37
3575 4 62
3576 7 69
3577 81 58
3578 48 69
3579 44 9
3580 42 44
3581 35 13
3582 18 6
3583 29 21
3584 38 85
3585 20 44
3586 19 34
3587 23 75
3588 33 44
3589 86 52
3590 36 36
3591 55 21
3592 90 86
3593 88 35
3594 68 58
3595 9 74
3596 27 78
3597 56 88
3598 31 19
3599 86 31
3600 30 43
3601 22 36
3602 13 11
3603 21 18
3604 52 29
3605 13 61
3606 79 11
3607 75 68
3608 13 54
3609 38 66
3610 12 49
3611 1 20
3612 29 18
3613 44 56
3614 14 73
3615 86 83
3616 0 11
3617 68 9
3618 62 75
3619 55 14
3620 4 22
3621 75 54
3622 38 19
3623 38 74
3624 88 19
3625 17 86
3626 39 89
3627 2 8
3628 18 30
3629 45 21
3630 69 62
3631 70 81
3632 79 67
3633 20 83
3634 22 80
3635 29 80
3636 60 5
3637 44 16
3638 89 18
3639 68 23
3640 87 79
3641 83 37
3642 49 54
3643 90 32
3644 36 65
3645 80 48
3646 90 53
3647 41 89
3648 31 13
3649 17 39
3650 16 10
3651 47 41
3652 16 36
3653 82 65
3654 56 76
3655 13 20
3656 39 15
3657 16 72
3658 56 77
3659 40 59
3660 60 21
3661 75 34
3662 56 16
3663 24 14
3664 79 41
3665 70 30
3666 35 88
3667 21 25
3668 33 13
3669 34 25
3670 47 20
3671 16 51
3672 58 87
3673 34 30
3674 19 78
3675 57 19
3676 19 83
3677 42 81
3678 83 41
3679 62 72
3680 16 59
3681 67 34
3682 68 81
3683 50 19
3684 32 36
3685 72 72
3686 48 9
3687 20 90
3688 9 81
3689 51 33
3690 87 50
3691 1 86
3692 76 43
3693 7 7
3694 14 2
3695 19 40
3696 73 32
3697 78 30
3698 1 59
3699 66 16
3700 35 87
3701 55 57
3702 20 60
3703 14 47
3704 75 83
3705 44 39
3706 36 39
3707 88 54
3708 4 43
3709 44 30
3710 35 86
3711 4 75
3712 21 89
3713 29 23
3714 23 23
3715 67 6
3716 2 25
3717 26 23
3718 84 11
3719 76 18
3720 80 63
3721 31 12
3722 19 59
3723 87 51
3724 68 21
3725 26 80
3726 19 1
3727 40 55
3728 77 6
3729 84 5
3730 61 32
3731 2 55
3732 71 68
3733 40 87
3734 71 41
3735 84 78
3736 51 51
3737 76 0
3738 34 4
3739 24 33
3740 71 38
3741 42 83
3742 82 61
3743 79 49
3744 17 67
3745 44 21
3746 0 2
3747 63 16
3748 37 83
3749 69 67
3750 62 32
3751 3 83
3752 46 53
3753 66 40
3754 22 53
3755 22 35
3756 10 56
3757 34 57
3758 89 79
3759 39 60
3760 48 21
3761 25 55
3762 17 5
3763 41 49
3764 17 42
3765 84 17
3766 28 61
3767 25 74
3768 60 29
3769 86 59
3770 60 27
3771 69 1
3772 61 87
3773 74 6
3774 14 31
3775 72 46
3776 86 5
3777 49 59
3778 11 24
3779 67 26
3780 55 40
3781 31 61
3782 86 90
3783 65 11
3784 50 54
3785 59 3
3786 17 50
3787 12 46
3788 84 72
3789 77 26
3790 59 41
3791 43 63
3792 84 38
3793 47 59
3794 20 7
3795 78 35
3796 65 59
3797 0 59
3798 13 35
3799 89 48
3800 71 5
3801 70 51
3802 68 14
3803 86 56
3804 47 36
3805 45 46
3806 86 66
3807 68 76
3808 63 23
3809 36 59
3810 23 45
3811 5 8
3812 74 89
3813 12 17
3814 61 47
3815 66 64
3816 55 13
3817 56 22
3818 20 51
3819 62 44
3820 49 26
3821 17 3
3822 41 80
3823 1 41
3824 89 15
3825 54 50
3826 60 89
3827 47 41
3828 1 57
3829 62 34
3830 8 39
3831 81 68
3832 55 70
3833 50 29
3834 59 75
3835 37 35
3836 36 45
3837 72 90
3838 63 18
3839 79 75
3840 27 79
3841 18 67
3842 77 35
3843 39 8
3844 52 76
3845 1 85
3846 65 72
3847 7 46
3848 72 19
3849 29 81
3850 12 21
3851 71 67
3852 50 73
3853 72 60
3854 14 47
3855 85 89
3856 15 86
3857 13 84
3858 30 90
3859 37 47
3860 34 17
3861 35 53
3862 35 66
3863 22 66
3864 72 33
3865 52 53
3866 50 79
3867 75 18
3868 49 81
3869 47 79
3870 2 79
3871 85 32
3872 58 46
3873 74 7
3874 76 43
3875 69 46
3876 51 67
3877 3 71
3878 70 7
3879 3 11
3880 71 1
3881 34 24
3882 35 75
3883 19 28
3884 34 39
3885 18 48
3886 10 29
3887 83 10
3888 85 39
3889 46 64
3890 18 46
3891 47 62
3892 13 38
3893 80 64
3894 87 83
3895 65 42
3896 71 35
3897 13 54
3898 0 49
3899 84 12
3900 22 78
3901 43 56
3902 5 10
3903 0 36
3904 59 23
3905 20 64
3906 12 16
3907 45 17
3908 15 81
3909 53 37
3910 34 42
3911 1 39
3912 9 82
3913 2 39
3914 22 10
3915 6 75
3916 65 57
3917 44 53
3918 26 52
3919 41 32
3920 53 14
3921 53 71
3922 3 4
3923 41 50
3924 71 11
3925 31 25
3926 90 11
3927 22 39
3928 46 51
3929 12 47
3930 0 67
3931 79 53
3932 28 70
3933 71 3
3934 18 21
3935 72 14
3936 69 84
3937 90 57
3938 69 49
3939 43 81
3940 64 63
3941 2 69
3942 53 68
3943 55 87
3944 30 64
3945 49 15
3946 89 64
3947 55 80
3948 1 85
3949 78 27
3950 70 41
3951 73 46
3952 38 25
3953 25 2
3954 52 18
3955 25 85
3956 27 64
3957 80 64
3958 69 34
3959 35 49
3960 78 56
3961 17 48
3962 46 90
3963 13 22
3964 23 6
3965 47 75
3966 49 62
3967 83 65
3968 53 8
3969 24 44
3970 4 65
3971 81 16
3972 12 47
3973 27 41
3974 70 9
3975 14 22
3976 10 3
3977 78 12
3978 69 77
3979 62 46
3980 37 24
3981 45 0
3982 74 77
3983 61 52
3984 22 51
3985 16 83
3986 16 25
3987 48 53
3988 79 24
3989 60 31
3990 45 4
3991 16 19
3992 18 4
3993 70 80
3994 2 21
3995 62 2
3996 85 38
3997 19 39
3998 29 24
3999 75 10
